0611A0 0 [-2.352735365159106, 3.3867646348408935, 0.01491926520152035, 9.955559132935853]
0611A5 0 [-2.369417086293852, 3.3700829137061477, 0.33187213599048426, 9.979691208945983]
0611A10 0 [-2.3748922345419365, 3.364607765458063, 0.5881363400331115, 9.992570144729823]
0611A15 0 [-2.3846715982322944, 3.3548284017677052, 0.8141897821890826, 9.998415431487146]
0611A20 0 [-2.393, 3.3465, 1.0, 10.0]
0611A25 0 [-2.409284619014715, 3.3302153809852846, 1.4140727183698587, 9.992076340322383]
0611A30 0 [-2.4140611129071603, 3.3254388870928393, 1.7795740649740401, 9.97159581743763]
0611A35 0 [-2.4289925556979672, 3.3105074443020324, 2.1714434987065094, 9.934503854120107]
0611A40 0 [-2.4421616513719084, 3.297338348628091, 2.529171670175584, 9.883881975253523]
0611A45 0 [-2.5296334143007626, 3.209866585699237, 2.6793223679340477, 9.8516032668165]
0611A0 1 [-2.344517042533101, 3.394982957466899, 0.006165600370763798, 9.955631194006877]
0611A5 1 [-2.3665493882394806, 3.372950611760519, 0.2974870161968763, 9.97810679115753]
0611A10 1 [-2.3720399690375658, 3.367460030962434, 0.5615670561790399, 9.991272038218204]
0611A15 1 [-2.3860541903432155, 3.353445809656784, 0.8239559772226079, 9.998634495938699]
0611A20 1 [-2.393, 3.3465, 1.0, 10.0]
0611A25 1 [-2.4104830502396384, 3.329016949760361, 1.4412695307963634, 9.991335719084411]
0611A30 1 [-2.417499281057472, 3.322000718942528, 1.7638946363203873, 9.973709237420168]
0611A35 1 [-2.432698490736938, 3.3068015092630616, 2.1441388851449195, 9.939291049917662]
0611A40 1 [-2.444885324608856, 3.2946146753911436, 2.5181585612520663, 9.890046455894575]
0611A45 1 [-2.513970984873465, 3.2255290151265346, 2.794612531887433, 9.830843993781144]
0611A0 2 [-2.331134325247902, 3.4083656747520976, 0.0, 9.952240318107231]
0611A5 2 [-2.3630846954936757, 3.376415304506324, 0.272836423915895, 9.97645444833812]
0611A10 2 [-2.368879027019045, 3.370620972980955, 0.562135865755234, 9.991576951649291]
0611A15 2 [-2.3869656402259074, 3.352534359774092, 0.8316969622204857, 9.99875546232358]
0611A20 2 [-2.393, 3.3465, 1.0, 10.0]
0611A25 2 [-2.413534760808897, 3.3259652391911025, 1.4074861806656076, 9.992580992488715]
0611A35 2 [-2.4322895080176767, 3.307210491982323, 2.139129599456865, 9.940266982068902]
0611A40 2 [-2.4518238289450447, 3.287676171054955, 2.5299698573956038, 9.887642242557215]
0611A45 2 [-2.511814041235198, 3.2276859587648015, 2.8280754996347977, 9.824408929972472]
0611A0 3 [-2.345134876100781, 3.3943651238992185, 0.0, 9.954495454405748]
0611A5 3 [-2.3597841876136143, 3.3797158123863853, 0.251553574146378, 9.975064237838541]
0611A10 3 [-2.370133173798783, 3.3693668262012166, 0.5741971998280029, 9.99206458113318]
0611A15 3 [-2.387836669938198, 3.3516633300618017, 0.8593291265550599, 9.999130630862263]
0611A20 3 [-2.3949640575205335, 3.344535942479466, 1.0258055411889146, 9.999970324708398]
0611A25 3 [-2.414634845781848, 3.3248651542181515, 1.4131234780830142, 9.992368995271345]
0611A30 3 [-2.424793201199292, 3.314706798800708, 1.757691092216182, 9.974001621794624]
0611A35 3 [-2.427604094949625, 3.3118959050503745, 2.151918679539915, 9.938842586926043]
0611A40 3 [-2.451351209506437, 3.2881487904935627, 2.536490123734088, 9.886254011497893]
0611A45 3 [-2.5205391287535566, 3.218960871246443, 2.8140424869354583, 9.827509385307051]
0611A0 4 [-2.3721132739485937, 3.367386726051406, 0.04366708591527357, 9.95895819022116]
0611A5 4 [-2.3580631174827245, 3.381436882517275, 0.2659253263422153, 9.975996587605286]
0611A10 4 [-2.365562392461975, 3.3739376075380245, 0.5510243251136069, 9.991143653316113]
0611A15 4 [-2.384654465225785, 3.3548455347742148, 0.828483935981007, 9.99870161132425]
0611A20 4 [-2.390224241301112, 3.3492757586988877, 0.956362164063763, 9.999915732441934]
0611A25 4 [-2.4155389048737135, 3.323961095126286, 1.3647637737682892, 9.99402822963768]
0611A30 4 [-2.425043586357689, 3.3144564136423105, 1.7587215563569718, 9.973867065591351]
0611A35 4 [-2.4324118075709533, 3.3070881924290463, 2.147672715322838, 9.939049961141395]
0611A40 4 [-2.4543145378359723, 3.2851854621640273, 2.527240109870947, 9.887663831180944]
0611A45 4 [-2.5426164160008353, 3.1968835839991643, 2.7615061259660316, 9.833837483876012]
0611A0 5 [-2.375932690777299, 3.3635673092227005, 0.07300674745455808, 9.961419485432055]
0611A5 5 [-2.361421592016012, 3.3780784079839874, 0.274858038243457, 9.976547804531013]
0611A10 5 [-2.369368080910309, 3.370131919089691, 0.5290453442090272, 9.990318522788463]
0611A15 5 [-2.3812777507853555, 3.358222249214644, 0.7950240993570213, 9.99814071078201]
0611A20 5 [-2.3962078633155466, 3.343292136684453, 1.0482389123767408, 9.999896846928468]
0611A25 5 [-2.4168957549671948, 3.322604245032805, 1.3681830057356947, 9.993902693396672]
0611A30 5 [-2.429569438120533, 3.3099305618794665, 1.7179491553500421, 9.976524528115288]
0611A35 5 [-2.468555243590397, 3.2709447564096026, 2.059728489777358, 9.94673307528087]
0611A40 5 [-2.4571155621156384, 3.282384437884361, 2.5144975251339385, 9.889303540969808]
0611A45 5 [-2.54824650720319, 3.1912534927968097, 2.778735232876857, 9.827524891489436]
0611A0 6 [-2.374287700489146, 3.3652122995108535, 0.04199358531792744, 9.958924739455682]
0611A5 6 [-2.3603522319290877, 3.379147768070912, 0.26403699792527396, 9.975991247202758]
0611A10 6 [-2.3703890296627734, 3.369110970337226, 0.5430112050214327, 9.990855309338366]
0611A15 6 [-2.3832886742481096, 3.35621132575189, 0.8031656857576922, 9.998289093538322]
0611A20 6 [-2.39562662314264, 3.3438733768573594, 1.0374758212076558, 9.99993746222297]
0611A25 6 [-2.416956495297943, 3.3225435047020566, 1.3479239968844152, 9.994560244560741]
0611A30 6 [-2.430944649876223, 3.3085553501237768, 1.71193749207797, 9.976929893897205]
0611A35 6 [-2.4688316097929937, 3.270668390207006, 1.9825509693227803, 9.954261497905515]
0611A40 6 [-2.4664479922628275, 3.273052007737172, 2.469015226702857, 9.895508231793462]
0611A45 6 [-2.566923512322968, 3.1725764876770315, 2.679942397251918, 9.838047235799522]
0611A0 7 [-2.3572495010014816, 3.382250498998518, 0.0, 9.951049694653731]
0611A5 7 [-2.361840654497657, 3.3776593455023427, 0.2639591676828391, 9.97594953980615]
0611A10 7 [-2.368569829015829, 3.370930170984171, 0.5434572697824975, 9.990896461204024]
0611A15 7 [-2.3848712406418904, 3.3546287593581092, 0.8204970107536206, 9.998576983940932]
0611A20 7 [-2.3954866083368396, 3.34401339166316, 1.0339090536839344, 9.999948890738127]
0611A25 7 [-2.4177924555143906, 3.321707544485609, 1.3421274210676013, 9.994726043202114]
0611A30 7 [-2.4339020551095594, 3.3055979448904402, 1.6918180322528953, 9.97818199474035]
0611A35 7 [-2.447293700440483, 3.2922062995595165, 2.059750577516137, 9.947703776377246]
0611A40 7 [-2.4719242229013774, 3.2675757770986222, 2.462097163459306, 9.896179350814146]
0611A45 7 [-2.5365423281784727, 3.202957671821527, 2.7412316487334984, 9.838503754462058]
0611A0 8 [-2.372161916551539, 3.3673380834484608, 0.05670834939565456, 9.960201307789788]
0611A5 8 [-2.359704179637919, 3.3797958203620806, 0.26012705178748396, 9.975603320972704]
0611A10 8 [-2.363115525838869, 3.3763844741611306, 0.515956568036362, 9.989736857934979]
0611A15 8 [-2.3841645181283706, 3.355335481871629, 0.8091842208485114, 9.99839076527803]
0611A20 8 [-2.395539811687261, 3.343960188312739, 1.0336786011559886, 9.999949414386508]
0611A25 8 [-2.414094887985278, 3.3254051120147214, 1.3342294160394597, 9.994989995547474]
0611A30 8 [-2.4335637058376296, 3.30593629416237, 1.7020005478308957, 9.977486453269215]
0611A35 8 [-2.43958732686071, 3.2999126731392896, 2.1087551882403877, 9.942821712800104]
0611A40 8 [-2.482098811948308, 3.2574011880516918, 2.416762462845333, 9.901408370874844]
0611A45 8 [-2.5373157219739535, 3.202184278026046, 2.749827871917501, 9.829494459282124]
0611A0 9 [-2.3670972857925863, 3.3724027142074133, 0.038985378959514476, 9.958610277386661]
0611A5 9 [-2.3633478202786913, 3.3761521797213083, 0.283143689426545, 9.977183129917812]
0611A10 9 [-2.360387840775727, 3.3791121592242725, 0.4998747042489321, 9.989052478210981]
0611A15 9 [-2.446214288631872, 3.2932857113681275, 1.7478224500556108, 9.974083633204778]
0611A20 9 [-2.3939266962942014, 3.345573303705798, 1.0121709910011925, 9.99999339015053]
0611A30 9 [-2.4332733972432736, 3.306226602756726, 1.6995884992859631, 9.977723415798783]
0611A35 9 [-2.4479042084594442, 3.2915957915405554, 2.0947186089805583, 9.944098350205788]
0611A40 9 [-2.48548260113283, 3.2540173988671697, 2.391401877449989, 9.904792308636518]
0611A45 9 [-2.547613490337032, 3.1918865096629676, 2.727333931240733, 9.838551696625188]
0611A30 10 [-2.4357837831854137, 3.303716216814586, 1.3409774791864861, 9.994589095470984]
0611A35 10 [-2.3938211369648075, 3.345678863035192, 1.4459117699107547, 9.991264357927463]