-2.352735365159106085e+00 3.386764634840893518e+00
-2.369417086293851948e+00 3.370082913706147654e+00
-2.374892234541936542e+00 3.364607765458063060e+00
-2.384671598232294354e+00 3.354828401767705248e+00
-2.392999999999999794e+00 3.346499999999999808e+00
-2.409284619014715023e+00 3.330215380985284579e+00
-2.414061112907160300e+00 3.325438887092839302e+00
-2.428992555697967237e+00 3.310507444302032365e+00
-2.442161651371908437e+00 3.297338348628091165e+00
-2.529633414300762606e+00 3.209866585699236996e+00
-2.344517042533100781e+00 3.394982957466898821e+00
-2.366549388239480578e+00 3.372950611760519024e+00
-2.372039969037565754e+00 3.367460030962433848e+00
-2.386054190343215531e+00 3.353445809656784071e+00
-2.392999999999999794e+00 3.346499999999999808e+00
-2.410483050239638381e+00 3.329016949760361221e+00
-2.417499281057471805e+00 3.322000718942527797e+00
-2.432698490736938002e+00 3.306801509263061600e+00
-2.444885324608855992e+00 3.294614675391143610e+00
-2.513970984873465042e+00 3.225529015126534560e+00
-2.331134325247901984e+00 3.408365674752097618e+00
-2.363084695493675724e+00 3.376415304506323878e+00
-2.368879027019044958e+00 3.370620972980955088e+00
-2.386965640225907404e+00 3.352534359774092199e+00
-2.392999999999999794e+00 3.346499999999999808e+00
-2.413534760808897062e+00 3.325965239191102540e+00
-2.432289508017676738e+00 3.307210491982322864e+00
-2.451823828945044692e+00 3.287676171054954910e+00
-2.511814041235198136e+00 3.227685958764801466e+00
-2.345134876100781085e+00 3.394365123899218517e+00
-2.359784187613614304e+00 3.379715812386385299e+00
-2.370133173798782966e+00 3.369366826201216636e+00
-2.387836669938197875e+00 3.351663330061801727e+00
-2.394964057520533540e+00 3.344535942479466062e+00
-2.414634845781848060e+00 3.324865154218151542e+00
-2.424793201199292092e+00 3.314706798800707954e+00
-2.427604094949625146e+00 3.311895905050374456e+00
-2.451351209506436923e+00 3.288148790493562679e+00
-2.520539128753556568e+00 3.218960871246443034e+00
-2.372113273948593726e+00 3.367386726051405876e+00
-2.358063117482724458e+00 3.381436882517275144e+00
-2.365562392461975083e+00 3.373937607538024519e+00
-2.384654465225784836e+00 3.354845534774214766e+00
-2.390224241301111885e+00 3.349275758698887717e+00
-2.415538904873713477e+00 3.323961095126286125e+00
-2.425043586357689129e+00 3.314456413642310473e+00
-2.432411807570953322e+00 3.307088192429046281e+00
-2.454314537835972310e+00 3.285185462164027292e+00
-2.542616416000835322e+00 3.196883583999164280e+00
-2.375932690777299072e+00 3.363567309222700530e+00
-2.361421592016012205e+00 3.378078407983987397e+00
-2.369368080910308816e+00 3.370131919089690786e+00
-2.381277750785355529e+00 3.358222249214644073e+00
-2.396207863315546582e+00 3.343292136684453020e+00
-2.416895754967194776e+00 3.322604245032804826e+00
-2.429569438120533054e+00 3.309930561879466548e+00
-2.468555243590397019e+00 3.270944756409602583e+00
-2.457115562115638419e+00 3.282384437884361184e+00
-2.548246507203189903e+00 3.191253492796809699e+00
-2.374287700489146058e+00 3.365212299510853544e+00
-2.360352231929087718e+00 3.379147768070911884e+00
-2.370389029662773428e+00 3.369110970337226174e+00
-2.383288674248109640e+00 3.356211325751889962e+00
-2.395626623142640188e+00 3.343873376857359414e+00
-2.416956495297942986e+00 3.322543504702056616e+00
-2.430944649876222829e+00 3.308555350123776773e+00
-2.468831609792993653e+00 3.270668390207005949e+00
-2.466447992262827515e+00 3.273052007737172087e+00
-2.566923512322968115e+00 3.172576487677031487e+00
-2.357249501001481562e+00 3.382250498998518040e+00
-2.361840654497656899e+00 3.377659345502342703e+00
-2.368569829015828798e+00 3.370930170984170804e+00
-2.384871240641890378e+00 3.354628759358109225e+00
-2.395486608336839573e+00 3.344013391663160029e+00
-2.417792455514390593e+00 3.321707544485609009e+00
-2.433902055109559370e+00 3.305597944890440232e+00
-2.447293700440483111e+00 3.292206299559516491e+00
-2.471924222901377366e+00 3.267575777098622236e+00
-2.536542328178472694e+00 3.202957671821526908e+00
-2.372161916551538852e+00 3.367338083448460750e+00
-2.359704179637919008e+00 3.379795820362080594e+00
-2.363115525838868969e+00 3.376384474161130633e+00
-2.384164518128370602e+00 3.355335481871629000e+00
-2.395539811687260823e+00 3.343960188312738779e+00
-2.414094887985278159e+00 3.325405112014721443e+00
-2.433563705837629598e+00 3.305936294162370004e+00
-2.439587326860710004e+00 3.299912673139289598e+00
-2.482098811948307837e+00 3.257401188051691765e+00
-2.537315721973953497e+00 3.202184278026046105e+00
-2.367097285792586270e+00 3.372402714207413332e+00
-2.363347820278691280e+00 3.376152179721308322e+00
-2.360387840775727053e+00 3.379112159224272549e+00
-2.446214288631872069e+00 3.293285711368127533e+00
-2.393926696294201406e+00 3.345573303705798196e+00
-2.433273397243273628e+00 3.306226602756725974e+00
-2.447904208459444231e+00 3.291595791540555371e+00
-2.485482601132829927e+00 3.254017398867169675e+00
-2.547613490337031994e+00 3.191886509662967608e+00
-2.435783783185413665e+00 3.303716216814585938e+00
-2.393821136964807472e+00 3.345678863035192130e+00
