0611D0 0 [-1.9911682870608733, 3.0088317129391267, 1.3830431373602758, 9.993429161525944]
0611D1 0 [-2.481170435417842, 3.018829564582158, 2.068377581017178, 9.94922575827954]
0611D2 0 [-2.843426683816896, 3.156573316183104, 2.2890061167932703, 9.926558378102248]
0611D3 0 [-3.0210362434703635, 2.9789637565296365, 1.7056535597755178, 9.976601015680268]
0611D4 0 [-3.5177937498610015, 2.9822062501389985, 1.9732056180617552, 9.955254953854999]
0611D5 0 [-4.004394517227407, 2.9956054827725933, 2.134922259899936, 9.938510122607362]
0611D6 0 [-4.052291305881125, 2.9477086941188744, 1.685126020904117, 9.977010981583945]
0611D7 0 [-4.56517295843269, 2.9348270415673112, 1.8632654312788244, 9.963173663880905]
0611D8 0 [-5.034009555153516, 2.9659904448464833, 1.59218673251956, 9.982785024100805]
0611D0 1 [-1.9976460722318108, 3.0023539277681897, 1.3603028700902153, 9.994354266027026]
0611D1 1 [-2.4652409907923096, 3.0347590092076904, 2.146012693209472, 9.941844816783325]
0611D2 1 [-2.8196567917341513, 3.1803432082658487, 2.366419926776146, 9.919335455295965]
0611D3 1 [-3.0086329704823624, 2.9913670295176376, 1.7829436730413288, 9.972327521795144]
0611D4 1 [-3.537156112093703, 2.962843887906297, 1.8441978882455778, 9.966796688102288]
0611D5 1 [-4.033166576475382, 2.9668334235246188, 1.9579674283673505, 9.95652256192101]
0611D6 1 [-4.032280291025143, 2.967719708974858, 1.7662655398819291, 9.97188303460414]
0611D7 1 [-4.5679446717241925, 2.932055328275808, 1.78230091886239, 9.969586655551957]
0611D8 1 [-5.035834901871938, 2.9641650981280625, 1.6113237170142902, 9.98169675069503]
0611D0 2 [-1.9807699862851624, 3.0192300137148376, 1.5030301541069115, 9.989090792328279]
0611D1 2 [-2.4458312515209917, 3.0541687484790083, 2.2215374406473694, 9.934196208949167]
0611D2 2 [-2.843183518610399, 3.156816481389601, 2.3224016846661346, 9.924580592794284]
0611D3 2 [-3.002304429130153, 2.997695570869847, 1.7643961949890712, 9.97375908788718]
0611D4 2 [-3.5249292583310257, 2.9750707416689743, 1.9415536110062277, 9.958841756334877]
0611D5 2 [-4.037812626811984, 2.9621873731880157, 1.9946628950650542, 9.952905788144346]
0611D6 2 [-4.0426987026577965, 2.9573012973422026, 1.5570881492912887, 9.984987449680794]
0611D7 2 [-4.560349838269344, 2.9396501617306563, 1.9113102368003738, 9.959164444441335]
0611D8 2 [-5.036067794066434, 2.9639322059335647, 1.5762900945277112, 9.983727903864477]
0611D0 3 [-1.9939025767020575, 3.006097423297942, 1.410199189611862, 9.992707742355893]
0611D1 3 [-2.4629829929114995, 3.0370170070885005, 2.167967756432769, 9.939569361965175]
0611D2 3 [-2.816291842130556, 3.183708157869444, 2.4328837982846214, 9.911501404606199]
0611D3 3 [-3.020186533441112, 2.979813466558888, 1.6892345714672876, 9.978321408731754]
0611D4 3 [-3.532368115620942, 2.967631884379058, 1.885071783069194, 9.96334935202609]
0611D5 3 [-4.03727519266857, 2.96272480733143, 1.9650959138968676, 9.955904133967486]
0611D6 3 [-4.028604232878076, 2.971395767121924, 1.6994736384435931, 9.976695380596466]
0611D7 3 [-4.568939377181596, 2.9310606228184053, 1.7991580448236069, 9.968179378025992]
0611D8 3 [-5.032149029736114, 2.9678509702638864, 1.3743660745271027, 9.993082503995735]
0611D0 4 [-1.9856947027189564, 3.0143052972810436, 1.4290780868129862, 9.992074009512711]
0611D2 4 [-2.761860054442432, 3.2381399455575677, 2.62386038287177, 9.886542449780581]
0611D3 4 [-3.0067384846023004, 2.9932615153976996, 1.7741419736557138, 9.97299208441022]
0611D5 4 [-4.044706121463044, 2.9552938785369567, 1.9806461928908365, 9.954095276859215]
0611D8 4 [-5.039495061125816, 2.960504938874185, 1.300330682692355, 9.995433835396172]
0611D0 5 [-1.9856455657799348, 3.014354434220065, 1.429105139158783, 9.992038407445682]
0611D1 5 [-2.4518183362890547, 3.0481816637109453, 2.2103719596774947, 9.935460098518433]
0611D2 5 [-2.8423583830135906, 3.1576416169864094, 2.4521390615146155, 9.908621633259296]
0611D3 5 [-2.9989694983044703, 3.0010305016955297, 1.9022529734159286, 9.963316850947344]
0611D4 5 [-3.520517179255352, 2.979482820744648, 1.9347500624624296, 9.959571355697072]
0611D5 5 [-4.046119166683183, 2.9538808333168167, 1.9995531738094552, 9.952261175203542]
0611D6 5 [-4.0191841248514635, 2.9808158751485365, 1.76728492827614, 9.972187519419403]
0611D7 5 [-4.56476565720292, 2.93523434279708, 1.748244906317479, 9.971517632541982]
0611D8 5 [-5.0395134542983975, 2.960486545701603, 1.3003590977897557, 9.99542649156753]
0611D0 6 [-1.9975862279376313, 3.002413772062369, 1.3440481682500847, 9.994853308576392]
0611D1 6 [-2.462376257273895, 3.037623742726105, 2.201500584138073, 9.935973595424795]
0611D2 6 [-2.8559128660557556, 3.1440871339442444, 2.4516688633813626, 9.908479572586986]
0611D3 6 [-3.0147694785080343, 2.9852305214919657, 1.7986037532680843, 9.971034684807274]
0611D4 6 [-3.5192765511951474, 2.9807234488048526, 1.9135235806864679, 9.96144912066404]
0611D5 6 [-4.05260172087032, 2.9473982791296796, 1.933489621341326, 9.958174320672919]
0611D6 6 [-4.024747001622476, 2.9752529983775244, 1.7079102073646146, 9.976271295803251]
0611D7 6 [-4.544555045721858, 2.9554449542781414, 1.8808128434490365, 9.962395455490272]
0611D8 6 [-5.040825811596332, 2.9591741884036677, 1.547336899126904, 9.985056911180543]
0611D0 7 [-1.9971322332703134, 3.0028677667296866, 1.5278230993963289, 9.987807607321926]
0611D1 7 [-2.468646467130728, 3.031353532869272, 2.241510802493768, 9.931294969815442]
0611D2 7 [-2.8659585113715167, 3.1340414886284833, 2.44398293939801, 9.90912059889717]
0611D3 7 [-3.022383403598273, 2.977616596401727, 1.767572722130075, 9.973126061638693]
0611D4 7 [-3.5162842467658284, 2.9837157532341716, 1.884180649228374, 9.96400591445669]
0611D5 7 [-4.041048593024589, 2.9589514069754093, 2.0010926408856498, 9.95242535534558]
0611D6 7 [-4.033097030724837, 2.966902969275164, 1.7029442281053553, 9.976426315495956]
0611D7 7 [-4.544944848498015, 2.9550551515019845, 1.8805452722166294, 9.96174701526676]
0611D8 7 [-5.040577446869004, 2.959422553130996, 1.5449471971633577, 9.985268275350899]
0611D0 8 [-1.997141545563942, 3.0028584544360584, 1.5278317378659594, 9.987823384512684]
0611D1 8 [-2.44485222744599, 3.05514777255401, 2.3028549462002217, 9.924697828424726]
0611D2 8 [-2.846959582775778, 3.1530404172242226, 2.4880689498038864, 9.904187987127045]
0611D3 8 [-3.019682498781965, 2.980317501218035, 1.817805193461682, 9.969430045962064]
0611D4 8 [-3.5231511570073075, 2.9768488429926925, 1.858898407790682, 9.965896806946583]
0611D5 8 [-4.052382193236877, 2.947617806763122, 1.9997307443198995, 9.952142900725322]
0611D6 8 [-4.029068342908619, 2.970931657091382, 1.7327123716111192, 9.974426065296493]
0611D7 8 [-4.544723513109819, 2.955276486890182, 1.8807016784759159, 9.962273892785145]
0611D8 8 [-5.040774555148398, 2.959225444851602, 1.5463622068234373, 9.985131734551507]
0611D0 9 [-1.9971378868178171, 3.0028621131821827, 1.5278300336566975, 9.987818533757192]
0611D1 9 [-2.4916086061593967, 3.0083913938406033, 1.957447153210369, 9.957865793201524]
0611D2 9 [-2.8825409235867885, 3.1174590764132115, 2.4251136021874036, 9.91094278865276]
0611D3 9 [-3.0103794462296385, 2.9896205537703615, 1.1817315815674698, 9.998529104873976]
0611D4 9 [-3.5233965517912567, 2.9766034482087433, 1.1853358289741702, 9.998369018642665]
0611D5 9 [-4.062746009706104, 2.9372539902938946, 1.5691716214152927, 9.983824790045295]
0611D6 9 [-4.029024618931029, 2.9709753810689707, 1.7008354359718956, 9.976612887983443]
0611D7 9 [-4.572941799117211, 2.9270582008827897, 2.02109064853561, 9.947886974385066]
0611D8 9 [-5.051812520724963, 2.948187479275038, 1.700429185012415, 9.975538098202517]
0611D0 10 [-1.9971568592890026, 3.002843140710997, 1.5278326297897198, 9.98784004857556]
0611D2 10 [-10.999999957172902, 0.0, 9.624157182694309e-11, 1258.1630925502286]
0611D6 10 [-4.058177352484101, 2.9418226475158975, 2.8103702952675724, 9.82635445439164]
0611D7 10 [-4.5728799047933, 2.927120095206699, 2.0211491149137704, 9.948091684529302]
0611D8 10 [-5.051634968881819, 2.948365031118181, 1.6999208838053397, 9.975544554209975]