0611D0 0 [-2.379800316306658, 3.3596996836933415, 1.5449970222983291, 9.986570772071838]
0611D1 0 [-2.670074519491968, 3.3694254805080317, 2.312563405290943, 9.922320093121789]
0611D2 0 [-2.8091389348276183, 3.5303610651723814, 2.5160741458942932, 9.897134246181952]
0611D3 0 [-3.321768615500149, 3.317731384499851, 1.9000565600026804, 9.9612714342777]
0611D4 0 [-3.6148391130340967, 3.324660886965903, 2.2096929835949046, 9.929757237298004]
0611D5 0 [-3.8929378666265917, 3.346562133373408, 2.386556460956626, 9.907045142906338]
0611D6 0 [-4.263340635800122, 3.276159364199878, 1.8955258541480813, 9.960139797547615]
0611D7 0 [-4.575500563848986, 3.263999436151014, 2.1068235891478695, 9.938282020630643]
0611D8 0 [-4.838152231560998, 3.301347768439002, 1.803837557928914, 9.967824284192274]
0611D0 1 [-2.3889509351068874, 3.350549064893112, 1.5163864841764667, 9.988297957051262]
0611D1 1 [-2.6514533796912167, 3.388046620308783, 2.3985282177847846, 9.912225113581508]
0611D2 1 [-2.7826794352172985, 3.556820564782701, 2.5982412414997853, 9.888168045400443]
0611D3 1 [-3.3066497097891467, 3.332850290210853, 1.9869857701864542, 9.95531113363625]
0611D4 1 [-3.6393003073578343, 3.3001996926421655, 2.073872202029199, 9.945539054871515]
0611D5 1 [-3.929679030188548, 3.309820969811452, 2.208724534087688, 9.930021773407955]
0611D6 1 [-4.237389116597135, 3.302110883402865, 1.9789449126805558, 9.953468163030966]
0611D7 1 [-4.580651708172065, 3.2588482918279356, 2.02132328421354, 9.94709943795232]
0611D8 1 [-4.840160101023488, 3.2993398989765117, 1.8238537026327337, 9.966155944331309]
0611D0 2 [-2.366885044255613, 3.3726149557443867, 1.6814421829800539, 9.97976655164357]
0611D1 2 [-2.6289246642788715, 3.4105753357211284, 2.4826768055385022, 9.901661471570417]
0611D2 2 [-2.8087154965778707, 3.530784503422129, 2.554912069400276, 9.89427432617149]
0611D3 2 [-3.298674912151694, 3.340825087848306, 1.9666153978625156, 9.957366192002278]
0611D4 2 [-3.6235841244457414, 3.3159158755542584, 2.179989071466451, 9.93446899677488]
0611D5 2 [-3.9346986731445983, 3.3048013268554013, 2.2486345031610626, 9.924575351046302]
0611D6 2 [-4.251940953780576, 3.2875590462194246, 1.7485676154322123, 9.972358110811307]
0611D7 2 [-4.568594166055341, 3.2709058339446595, 2.1563854850832365, 9.932955337126014]
0611D8 2 [-4.841337135711387, 3.2981628642886127, 1.7879104336154186, 9.968991411763792]
0611D0 3 [-2.3839272481517484, 3.355572751848251, 1.5734384355020508, 9.985610065545917]
0611D1 3 [-2.648934926070322, 3.390565073929678, 2.4206096706079636, 9.90904756494628]
0611D2 3 [-2.778830284686331, 3.5606697153136686, 2.6742941575903014, 9.87744354813134]
0611D3 3 [-3.3206604552116743, 3.3188395447883257, 1.8826924065461992, 9.963888782632077]
0611D4 3 [-3.633065222501269, 3.3064347774987306, 2.1188540400437375, 9.940631306678586]
0611D5 3 [-3.934530807023789, 3.3049691929762104, 2.215498571632379, 9.928934356336242]
0611D6 3 [-4.2326786330688035, 3.3068213669311954, 1.9003118035375557, 9.960694782420012]
0611D7 3 [-4.581602290153524, 3.2578977098464765, 2.0398209133513805, 9.945034241535762]
0611D8 3 [-4.8429964832408405, 3.2965035167591594, 1.582071892424695, 9.98296519778524]
0611D0 4 [-2.372626767151711, 3.3668732328482887, 1.598416890527261, 9.984434832270075]
0611D2 4 [-2.7187717332461725, 3.6207282667538276, 2.879464728369178, 9.845816925030558]
0611D3 4 [-3.3042546953714966, 3.3352453046285033, 1.97735083471836, 9.956268739174748]
0611D5 4 [-3.9434082263492924, 3.2960917736507067, 2.2369480441595115, 9.925765498585339]
0611D8 4 [-4.862087578834661, 3.277412421165338, 1.5267954718617562, 9.985583130826175]
0611D0 5 [-2.3725533785277255, 3.366946621472274, 1.5984681230858018, 9.984369513668486]
0611D1 5 [-2.6358595007516072, 3.4036404992483926, 2.470033962341279, 9.903482171825232]
0611D2 5 [-2.807705569972165, 3.531794430027835, 2.7044257134077236, 9.872264175039916]
0611D3 5 [-3.295721360308005, 3.343778639691995, 2.1196056344285505, 9.942607107748994]
0611D4 5 [-3.618324585837905, 3.3211754141620946, 2.170476759911778, 9.935743848807292]
0611D5 5 [-3.944785001228089, 3.2947149987719104, 2.258759909906338, 9.923066570540582]
0611D6 5 [-4.220814739460285, 3.318685260539716, 1.9722179502521542, 9.954514279779838]
0611D7 5 [-4.5775923507258565, 3.2619076492741437, 1.9875929669906103, 9.949815367753764]
0611D8 5 [-4.86216986690732, 3.277330133092681, 1.5270533161629953, 9.98557726444242]
0611D0 6 [-2.3887979689604757, 3.350702031039524, 1.4984987433408308, 9.989099212052004]
0611D1 6 [-2.6481939092999878, 3.391306090700012, 2.458383210058222, 9.904059861753444]
0611D2 6 [-2.8228696906601414, 3.5166303093398583, 2.7076076030199276, 9.871421731559945]
0611D3 6 [-3.314251252715372, 3.325248747284628, 2.0039580127585923, 9.953432943083575]
0611D4 6 [-3.616878526521812, 3.3226214734781876, 2.1460987985333757, 9.938494050522646]
0611D5 6 [-3.953971676883601, 3.2855283231163988, 2.18960990325599, 9.930861598110193]
0611D6 6 [-4.2277573154215435, 3.3117426845784563, 1.9084094676197272, 9.960202818537823]
0611D7 6 [-4.5490846280737935, 3.2904153719262053, 2.115275370466673, 9.938523582982128]
0611D8 6 [-4.848985261877882, 3.2905147381221185, 1.7650012246017608, 9.970406745577218]
0611D0 7 [-2.38908748065473, 3.3504125193452694, 1.7014364515938727, 9.97822910084298]
0611D1 7 [-2.655791064148843, 3.383708935851157, 2.503336248799083, 9.89748615634938]
0611D2 7 [-2.834148823015797, 3.505351176984203, 2.701751601293258, 9.871871267549412]
0611D3 7 [-3.32351733739646, 3.31598266260354, 1.9691752503617772, 9.956402096511857]
0611D4 7 [-3.613273088899094, 3.326226911100906, 2.112079400878605, 9.942280732856918]
0611D5 7 [-3.9385378339746246, 3.300962166025375, 2.257672372850224, 9.92373141838625]
0611D6 7 [-4.238541343371949, 3.30095865662805, 1.9089253344002135, 9.960006626224251]
0611D7 7 [-4.549622570974685, 3.289877429025315, 2.115013315383115, 9.937775914352105]
0611D8 7 [-4.848833271874856, 3.2906667281251436, 1.7636916501810467, 9.970667571360599]
0611D0 8 [-2.3891004837431957, 3.350399516256804, 1.7014643054675012, 9.97826139370671]
0611D1 8 [-2.6281907143181398, 3.41130928568186, 2.5708205992528694, 9.88856834172747]
0611D2 8 [-2.812740216436619, 3.5267597835633806, 2.7474651581759524, 9.865993715769532]
0611D3 8 [-3.320465365804559, 3.319034634195441, 2.028121970070272, 9.95099373722785]
0611D4 8 [-3.6217984422367624, 3.3177015577632374, 2.0860899567778644, 9.944724515111846]
0611D5 8 [-3.9524902533009794, 3.2870097466990202, 2.2624028075520797, 9.922312946979957]
0611D6 8 [-4.233360022704333, 3.306139977295667, 1.9408276429364126, 9.957226088770224]
0611D7 8 [-4.5493384332293045, 3.2901615667706965, 2.1151402098801855, 9.938422826251262]
0611D8 8 [-4.8494181657186335, 3.2900818342813674, 1.7701435710117193, 9.970338325390935]
0611D0 9 [-2.3890952200212796, 3.35040477997872, 1.7014584593612136, 9.978251975039598]
0611D1 9 [-2.68223345398314, 3.35726654601686, 2.1901938410576585, 9.9341215034782]
0611D2 9 [-2.8523096611928014, 3.487190338807198, 2.6895674021619502, 9.873188402073035]
0611D3 9 [-3.310764229162006, 3.328735770837994, 1.3166495097023476, 9.995443180846397]
0611D4 9 [-3.635404602880292, 3.3040953971197076, 1.3485739890412334, 9.994044378564567]
0611D5 9 [-3.9753967032375037, 3.264103296762496, 1.811747768022209, 9.966674802791886]
0611D6 9 [-4.233172160705316, 3.306327839294682, 1.9016883427808593, 9.960549981003549]
0611D7 9 [-4.582485047833919, 3.2570149521660814, 2.281757274263879, 9.916157739815972]
0611D8 9 [-4.859887739903374, 3.2796122600966267, 1.9379476817595158, 9.95560377246974]
0611D0 10 [-2.389121996828386, 3.3503780031716137, 1.701473701975928, 9.978293156464874]
0611D2 10 [-10.999999988110401, 1.9321814130304204e-24, 1.2061331929315156e-10, 1258.1630916041522]
0611D6 10 [-4.267009378550912, 3.2724906214490868, 3.139086976859593, 9.752307856779687]
0611D7 10 [-4.582406158342849, 3.257093841657151, 2.281822472557645, 9.91643291703244]
0611D8 10 [-4.85966850401357, 3.2798314959864294, 1.9380745412362574, 9.955505860398334]