-2.379800316306658114e+00 3.359699683693341488e+00
-2.670074519491968168e+00 3.369425480508031701e+00
-2.809138934827618339e+00 3.530361065172381352e+00
-3.321768615500149124e+00 3.317731384499850833e+00
-3.614839113034096663e+00 3.324660886965903117e+00
-3.892937866626591692e+00 3.346562133373407910e+00
-4.263340635800122236e+00 3.276159364199878077e+00
-4.575500563848986069e+00 3.263999436151014066e+00
-4.838152231560997940e+00 3.301347768439002017e+00
-2.388950935106887385e+00 3.350549064893112217e+00
-2.651453379691216750e+00 3.388046620308783119e+00
-2.782679435217298547e+00 3.556820564782701144e+00
-3.306649709789146740e+00 3.332850290210853217e+00
-3.639300307357834274e+00 3.300199692642165505e+00
-3.929679030188547806e+00 3.309820969811451796e+00
-4.237389116597134908e+00 3.302110883402864960e+00
-4.580651708172064573e+00 3.258848291827935562e+00
-4.840160101023488259e+00 3.299339898976511698e+00
-2.366885044255612858e+00 3.372614955744386744e+00
-2.628924664278871504e+00 3.410575335721128365e+00
-2.808715496577870674e+00 3.530784503422129017e+00
-3.298674912151693839e+00 3.340825087848306119e+00
-3.623584124445741406e+00 3.315915875554258374e+00
-3.934698673144598313e+00 3.304801326855401289e+00
-4.251940953780575683e+00 3.287559046219424630e+00
-4.568594166055341077e+00 3.270905833944659502e+00
-4.841337135711387241e+00 3.298162864288612717e+00
-2.383927248151748390e+00 3.355572751848251212e+00
-2.648934926070321882e+00 3.390565073929677986e+00
-2.778830284686331087e+00 3.560669715313668604e+00
-3.320660455211674300e+00 3.318839544788325657e+00
-3.633065222501269176e+00 3.306434777498730604e+00
-3.934530807023789212e+00 3.304969192976210390e+00
-4.232678633068803542e+00 3.306821366931195438e+00
-4.581602290153523604e+00 3.257897709846476531e+00
-4.842996483240840533e+00 3.296503516759159425e+00
-2.372626767151710947e+00 3.366873232848288655e+00
-2.718771733246172495e+00 3.620728266753827640e+00
-3.304254695371496631e+00 3.335245304628503327e+00
-3.943408226349292445e+00 3.296091773650706713e+00
-4.862087578834660917e+00 3.277412421165338152e+00
-2.372553378527725521e+00 3.366946621472274082e+00
-2.635859500751607243e+00 3.403640499248392626e+00
-2.807705569972164916e+00 3.531794430027835219e+00
-3.295721360308005110e+00 3.343778639691994847e+00
-3.618324585837905172e+00 3.321175414162094608e+00
-3.944785001228089172e+00 3.294714998771910430e+00
-4.220814739460284848e+00 3.318685260539715909e+00
-4.577592350725856463e+00 3.261907649274143672e+00
-4.862169866907319893e+00 3.277330133092680953e+00
-2.388797968960475693e+00 3.350702031039523909e+00
-2.648193909299987769e+00 3.391306090700012099e+00
-2.822869690660141373e+00 3.516630309339858318e+00
-3.314251252715371798e+00 3.325248747284628159e+00
-3.616878526521812187e+00 3.322621473478187593e+00
-3.953971676883600850e+00 3.285528323116398752e+00
-4.227757315421543538e+00 3.311742684578456331e+00
-4.549084628073793546e+00 3.290415371926205257e+00
-4.848985261877881925e+00 3.290514738122118477e+00
-2.389087480654730200e+00 3.350412519345269402e+00
-2.655791064148842917e+00 3.383708935851156951e+00
-2.834148823015797181e+00 3.505351176984202954e+00
-3.323517337396459936e+00 3.315982662603540021e+00
-3.613273088899093821e+00 3.326226911100905959e+00
-3.938537833974624647e+00 3.300962166025374955e+00
-4.238541343371949210e+00 3.300958656628050214e+00
-4.549622570974684699e+00 3.289877429025314992e+00
-4.848833271874855910e+00 3.290666728125143603e+00
-2.389100483743195724e+00 3.350399516256803878e+00
-2.628190714318139776e+00 3.411309285681860093e+00
-2.812740216436619090e+00 3.526759783563380601e+00
-3.320465365804559088e+00 3.319034634195440869e+00
-3.621798442236762394e+00 3.317701557763237386e+00
-3.952490253300979361e+00 3.287009746699020241e+00
-4.233360022704332870e+00 3.306139977295666998e+00
-4.549338433229304535e+00 3.290161566770696489e+00
-4.849418165718633489e+00 3.290081834281367357e+00
-2.389095220021279609e+00 3.350404779978719993e+00
-2.682233453983140059e+00 3.357266546016859809e+00
-2.852309661192801382e+00 3.487190338807197865e+00
-3.310764229162006078e+00 3.328735770837993879e+00
-3.635404602880292213e+00 3.304095397119707567e+00
-3.975396703237503715e+00 3.264103296762495887e+00
-4.233172160705316323e+00 3.306327839294682214e+00
-4.582485047833919189e+00 3.257014952166081390e+00
-4.859887739903373749e+00 3.279612260096626652e+00
-2.389121996828385885e+00 3.350378003171613717e+00
-1.099999998811040136e+01 1.932181413030420428e-24
-4.267009378550912224e+00 3.272490621449086756e+00
-4.582406158342848812e+00 3.257093841657150879e+00
-4.859668504013569645e+00 3.279831495986429424e+00
