0513L1 0 [-3.8865922879433303, 0.6529077120566709, 0.0, 8.433328129943074]
0513L2 0 [-1.3038137871810767, 3.8356862128189233, 5.874057229824008e-24, 9.9201821876524]
0513L3 0 [-1.923930769927309, 3.215569230072691, 0.0, 9.919990382273827]
0513L4 0 [-3.7887766402675025, 1.9507233597324962, 0.0, 9.620400883403956]
0513L5 0 [-6.635129177614385e-23, 5.74402016596736, 1.3014921972198591e-16, 8.452520898187425]
0513L6 0 [-2.604953993316228, 3.7345460066837717, 0.22261094628209419, 9.969542953931528]
0513L7 0 [0.0, 6.340174196871432, 7.569597321645604e-26, 8.26649480039806]
0513L8 0 [-3.162869113388169, 3.776630886611831, 0.41889785736398377, 9.982198509218652]
0513L9 0 [-3.004781995786515, 3.934718004213485, 0.8012247662456701, 9.998139904794966]
0513L10 0 [-2.993, 3.3465, 1.0, 10.0]
0513L11 0 [-3.5949010425297967, 3.944598957470203, 1.9987725184400806, 9.95087905837442]
0513L12 0 [-3.5814798785154482, 3.3580201214845515, 0.8204337218138013, 9.998416534970492]
0513L13 0 [-4.217895494495445, 3.921604505504554, 1.7715565686973678, 9.970074215605266]
0513L14 0 [-4.181552155693324, 3.357947844306675, 0.6587927921328841, 9.994201970101587]
0513L15 0 [-4.663805130644408, 4.075694869355592, 1.9809879938847033, 9.954750350033626]
0513L16 0 [-4.774251405364414, 3.365248594635587, 0.5598458697301687, 9.990869692804706]
0513L17 0 [-2.217941883284068, 4.121558116715931, 1.6905554723286649, 9.977444567955882]
0513L18 0 [-2.3651195860963234, 3.374380413903676, 0.46645288101948773, 9.986639668223479]
0513L19 0 [-1.8135126382349773, 3.925987361765023, 0.9229171456177524, 9.999708021960195]
0513L20 0 [-1.123394188749057, 4.016105811250943, 0.0, 9.926475234654454]
0513L1 1 [-3.8126680800685584, 0.7268319199314422, 0.0, 8.306968628592175]
0513L2 1 [-1.305278208970787, 3.834221791029213, 1.110223021849599e-16, 9.92178610819769]
0513L3 1 [-1.9274329703896838, 3.212067029610316, 1.1102230246251565e-16, 9.922613869457841]
0513L4 1 [-3.5972482037669966, 2.1422517962330057, 0.0, 9.69230532896015]
0513L5 1 [-2.403590972251864, 3.335909027748136, 2.0816681721285616e-17, 9.8905100063342]
0513L6 1 [-2.613738593638055, 3.725761406361945, 0.148694366984129, 9.963739123941432]
0513L7 1 [-8.881787647885598e-16, 6.344009187791951, 7.379890858289087e-16, 8.388664803751901]
0513L8 1 [-3.1864679877942965, 3.7530320122057033, 0.32628288024181995, 9.97615272483497]
0513L9 1 [-3.003683301180537, 3.9358166988194627, 0.8381475505114641, 9.99876710730009]
0513L10 1 [-2.993, 3.3465, 1.0, 10.0]
0513L11 1 [-3.5881130054321977, 3.951386994567802, 1.9865246002187475, 9.952381023856107]
0513L12 1 [-3.5839331999744295, 3.3555668000255703, 0.8410029312878393, 9.9987579745521]
0513L13 1 [-4.220125371554325, 3.9193746284456745, 1.6693175643060585, 9.977493794645982]
0513L14 1 [-4.182633540919128, 3.356866459080872, 0.6709805328210023, 9.994533979966842]
0513L15 1 [-4.679011502654815, 4.060488497345184, 1.87831390117891, 9.963836860619237]
0513L17 1 [-2.204765547497627, 4.134734452502373, 1.741794184768127, 9.973998540712266]
0513L18 1 [-2.3539668197706853, 3.3855331802293143, 0.4401818901134753, 9.985247325544258]
0513L19 1 [-1.8107512555403504, 3.928748744459649, 0.9303377312617215, 9.999763983154851]
0513L20 1 [-1.207142979080615, 3.932357020919385, 0.0, 9.933769956607376]
0513L1 2 [-3.6211684686321246, 0.9183315313678762, 0.0, 8.096603001393058]
0513L2 2 [-1.3069364917624955, 3.8325635082375045, 1.1102230246251565e-16, 9.92318612479693]
0513L3 2 [-1.9185510706293591, 3.220948929370641, 0.0, 9.92263994320908]
0513L4 2 [-3.724428786132767, 2.015071213867234, 0.0, 9.649369670265399]
0513L5 2 [-2.4037258091335776, 3.335774190866422, 4.1021588686581504e-22, 9.889132935133135]
0513L7 2 [0.0, 6.343699040017565, 3.5053086527546687e-16, 8.39037313176765]
0513L8 2 [-3.196643625429968, 3.742856374570031, 0.29967397919188987, 9.974157720701092]
0513L9 2 [-3.0036154219280458, 3.935884578071954, 0.8497372556750602, 9.998939277534932]
0513L11 2 [-3.5613012877904144, 3.9781987122095854, 2.1867063295821305, 9.931266112349565]
0513L12 2 [-3.5834497403227608, 3.356050259677239, 0.8372696455054146, 9.998697232783023]
0513L13 2 [-4.217955043064299, 3.921544956935701, 1.71985012638379, 9.973976306228035]
0513L14 2 [-4.182746852949579, 3.356753147050421, 0.6840043702441978, 9.99502876069899]
0513L15 2 [-4.683007289307644, 4.056492710692355, 1.8436781179074702, 9.96661199860668]
0513L17 2 [-2.2074585793736654, 4.132041420626335, 1.7342532914896318, 9.974586242664174]
0513L18 2 [-2.3570940893146273, 3.382405910685372, 0.4659877239799395, 9.986543063312691]
0513L19 2 [-1.8041883091650897, 3.9353116908349097, 0.9549194584459076, 9.999901475115614]
0513L20 2 [-1.5219126324561094, 3.6175873675438903, 0.0, 9.94907889623308]
0513L1 3 [-3.5881122056081978, 0.951387794391803, 0.0, 7.971695125008821]
0513L2 3 [-1.3077337452602837, 3.8317662547397164, 1.1102230246251565e-16, 9.92305977026693]
0513L3 3 [-1.9185092952842944, 3.2209907047157054, 0.0, 9.924745691918494]
0513L4 3 [-3.8196412834535227, 1.919858716546478, 0.0, 9.616970963538966]
0513L5 3 [-2.401686539007117, 3.3378134609928827, 1.9650737317976082e-22, 9.889532019837269]
0513L6 3 [-2.5613352079574474, 3.7781647920425527, 0.44736759931420705, 9.984368486018017]
0513L7 3 [-3.118025785943678e-23, 6.341232704947188, 7.201137288895285e-17, 8.370264242153942]
0513L9 3 [-3.0068090243590153, 3.9326909756409845, 0.8116479814051395, 9.998328054918737]
0513L10 3 [-2.9922666012763193, 3.3472333987236804, 1.0376264586298274, 9.999933649014462]
0513L11 3 [-3.5821594006339934, 3.9573405993660065, 2.0695299509456953, 9.944154556261527]
0513L12 3 [-3.5850562012890124, 3.3544437987109874, 0.8622425937544601, 9.999067219934476]
0513L13 3 [-4.211483575833329, 3.928016424166672, 1.6749321689148786, 9.977251074374486]
0513L14 3 [-4.186821817530117, 3.3526781824698833, 0.8073790640108507, 9.998157433689641]
0513L15 3 [-4.680564320192397, 4.058935679807603, 1.8541752047444022, 9.965750671875865]
0513L16 3 [-4.7792142804187066, 3.3602857195812934, 0.686665212119044, 9.99533432836419]
0513L17 3 [-2.2110668649719085, 4.128433135028091, 1.7344465066752068, 9.974579085313358]
0513L18 3 [-2.355495882793963, 3.3840041172060364, 0.500878307730109, 9.988150502177149]
0513L20 3 [-1.5461862517108858, 3.593313748289114, 0.016642347639609173, 9.952727896274725]
0513L1 4 [-3.592771712824418, 0.9467282871755822, 1.0886043530058135e-17, 8.008127896198516]
0513L3 4 [-1.923374485254774, 3.2161255147452263, 0.0, 9.924168502071428]
0513L4 4 [-3.7498779667269475, 1.9896220332730525, 8.948395059604972e-19, 9.643171527130319]
0513L5 4 [-2.4015686227532793, 3.3379313772467203, 0.0, 9.889386993427424]
0513L6 4 [-2.605713394837807, 3.7337866051621926, 0.24690213754477255, 9.97130849619745]
0513L7 4 [0.0, 6.3426198557621705, 4.287991032510787e-16, 8.42160427063825]
0513L8 4 [-3.2241211351709604, 3.7153788648290393, 0.1957669602030595, 9.965916653033574]
0513L9 4 [-2.9975490948957226, 3.941950905104277, 0.9537459680664929, 9.999899125572503]
0513L10 4 [-2.9914954063621693, 3.3480045936378304, 1.0516146641119153, 9.99987554936971]
0513L11 4 [-3.571829714597512, 3.967670285402488, 2.0390767988781073, 9.947597630928183]
0513L12 4 [-3.584940265279639, 3.3545597347203606, 0.8596713868108704, 9.999033286258543]
0513L13 4 [-4.211720215784446, 3.9277797842155526, 1.6580668957174696, 9.978363578956857]
0513L14 4 [-4.18662706837215, 3.352872931627849, 0.8302301301344907, 9.99856855443583]
0513L15 4 [-4.687444101750377, 4.052055898249622, 1.848346743651374, 9.966264695207471]
0513L16 4 [-4.782993307675891, 3.3565066923241087, 0.7207085429302046, 9.99629961808478]
0513L17 4 [-2.2296929811521427, 4.109807018847857, 1.6795007042257257, 9.978260072150539]
0513L18 4 [-2.364654029241054, 3.3748459707589458, 0.5226781724773611, 9.989343224040809]
0513L19 4 [-1.793, 3.9465, 1.0, 10.0]
0513L20 4 [-1.543370458310955, 3.5961295416890446, 8.673617379884035e-19, 9.950790109531905]
0513L1 5 [-3.5947199365795353, 0.9447800634204646, 1.71079104755496e-17, 8.00641389270248]
0513L2 5 [-1.2976058988659487, 3.8418941011340517, 0.0, 9.92520155252707]
0513L3 5 [-1.9232923367197918, 3.216207663280208, 0.0, 9.92419968819812]
0513L4 5 [-3.7546591104543663, 1.9848408895456344, 0.0, 9.639856517809028]
0513L6 5 [-2.596736463715363, 3.7427635362846363, 0.2415035471425554, 9.97102923966732]
0513L7 5 [-7.86142852546181e-24, 6.341272150192706, 3.4064636867710465e-16, 8.379787936150647]
0513L8 5 [-3.2220951757579557, 3.7174048242420437, 0.15458368662895824, 9.9626929835084]
0513L10 5 [-2.993, 3.3465, 1.0, 10.0]
0513L11 5 [-3.571825421293136, 3.967674578706864, 2.0388217870668526, 9.947486569249113]
0513L12 5 [-3.584941284241456, 3.354558715758544, 0.8596878624062513, 9.99903401715402]
0513L15 5 [-4.6825508853178865, 4.056949114682114, 1.844755706528303, 9.966543303548828]
0513L16 5 [-4.782008508814622, 3.3574914911853777, 0.728814640323003, 9.996507406086895]
0513L17 5 [-2.2171682882495705, 4.122331711750429, 1.7242988946110445, 9.975357337837641]
0513L18 5 [-2.3583209605477076, 3.381179039452292, 0.5241561832646988, 9.989236096919665]
0513L19 5 [-1.793, 3.9465, 1.0, 10.0]
0513L20 5 [-1.5615759124026827, 3.577924087597317, 0.03028764295782177, 9.954242021248112]
0513L1 6 [-1.3363962269388856, 3.2031037730611143, 0.0, 9.919351231513213]
0513L2 6 [-1.296096217287256, 3.8434037827127443, 1.5999095856928647e-27, 9.925258694640226]
0513L3 6 [-1.9193501212640067, 3.220149878735993, 1.1102230246251565e-16, 9.92635983021218]
0513L7 6 [-5.556484228435035e-25, 6.34157926462887, 2.134901197160707e-16, 8.37858064380039]
0513L8 6 [-3.2088966935940086, 3.730603306405991, 0.1908571012916237, 9.966004026553101]
0513L10 6 [-2.993, 3.3465, 1.0, 10.0]
0513L11 6 [-3.556674671668248, 3.982825328331752, 0.6431110042606126, 9.993674567983067]
0513L12 6 [-3.587312893266375, 3.352187106733625, 0.8807342127751124, 9.999304429202638]
0513L13 6 [-4.214959520314129, 3.9245404796858705, 1.6184619438025725, 9.980858904541268]
0513L14 6 [-4.193, 3.3465, 1.0, 10.0]
0513L15 6 [-4.689212874725168, 4.050287125274832, 1.803342570922377, 9.969745674640246]
0513L16 6 [-4.785181397470503, 3.3543186025294967, 0.7669110567464619, 9.997430320976255]
0513L17 6 [-2.216618577498889, 4.122881422501111, 1.7164901362462859, 9.975877456304175]
0513L18 6 [-2.3641652517362846, 3.375334748263715, 0.5478276528148861, 9.990358152115638]
0513L20 6 [-1.5479285996309232e-13, 7.0, 3.499999999986264, 311.0883852542918]
0513L1 7 [-1.3361803314717693, 3.2033196685282306, 1.1102230246251565e-16, 9.919290326644894]
0513L2 7 [-1.2971008477886792, 3.8423991522113203, 1.6113226528255664e-24, 9.926029155226468]
0513L3 7 [-1.9159126701365692, 3.2235873298634306, 1.1102230246251565e-16, 9.925949940490586]
0513L7 7 [-3.94129174943953e-15, 6.347954367921431, 0.0, 8.117251125152547]
0513L8 7 [-3.2602199228196955, 3.6792800771803043, 0.0, 9.945234436955351]
0513L11 7 [-3.5567045069169883, 3.9827954930830116, 0.6434080828181785, 9.993681601856567]
0513L12 7 [-3.587314604408249, 3.352185395591751, 0.8807716167799781, 9.999303824014072]
0513L13 7 [-4.21889438520747, 3.9206056147925294, 1.5510980423883356, 9.98472268796926]
0513L14 7 [-4.193, 3.3465, 1.0, 10.0]
0513L16 7 [-4.786933613879227, 3.352566386120773, 0.8145302353666567, 9.998371241573297]
0513L17 7 [-2.3966218792627543, 3.9428781207372454, 1.9658146430564882, 9.9553284518491]
0513L18 7 [-1.9355066864526427, 3.8039933135473567, 2.834649496583061, 9.849450332864151]
0513L1 8 [-3.742418267930904, 0.7970817320690984, 0.0, 6.413302470947018]
0513L3 8 [-1.915781071594099, 3.2237189284059005, 0.0, 9.925942908466585]
0513L12 8 [-3.5859207128821367, 3.353579287117863, 0.8557606488432326, 9.998983748349143]
0513L13 8 [-4.223439289778164, 3.916060710221836, 1.4512956829213077, 9.989666714864779]
0513L14 8 [-4.193, 3.3465, 1.0, 10.0]
0513L1 9 [-1.3363304269149743, 3.2031695730850256, 0.0, 9.919405566244176]
0513L3 9 [-1.9161084257282552, 3.2233915742717447, 0.0, 9.926033325261352]
0513L12 9 [-3.573842103637158, 3.365657896362842, 0.6805192227920434, 9.994983901541342]
0513L3 10 [-3.189495161154127, 1.9500048388458728, 0.0, 9.782654002884046]