-3.886592287943330337e+00 4.252907712056670952e+00
-1.303813787181076655e+00 7.435686212818923835e+00
-1.923930769927308937e+00 6.815569230072691553e+00
-3.788776640267502493e+00 5.550723359732495865e+00
-6.635129177614384903e-23 9.344020165967359404e+00
-2.604953993316228011e+00 7.334546006683771324e+00
0.000000000000000000e+00 9.940174196871431889e+00
-3.162869113388168785e+00 7.376630886611831528e+00
-3.004781995786514948e+00 7.534718004213484477e+00
-2.992999999999999883e+00 6.946500000000000341e+00
-3.594901042529796698e+00 7.544598957470203260e+00
-3.581479878515448245e+00 6.958020121484551623e+00
-4.217895494495444986e+00 7.521604505504553728e+00
-4.181552155693323947e+00 6.957947844306675123e+00
-4.663805130644408159e+00 7.675694869355591976e+00
-4.774251405364413614e+00 6.965248594635586876e+00
-2.217941883284067828e+00 7.721558116715931064e+00
-2.365119586096323445e+00 6.974380413903675802e+00
-1.813512638234977326e+00 7.525987361765023032e+00
-1.123394188749057054e+00 7.616105811250942992e+00
-3.812668080068558396e+00 4.326831919931442449e+00
-1.305278208970787057e+00 7.434221791029212767e+00
-1.927432970389683753e+00 6.812067029610316737e+00
-3.597248203766996610e+00 5.742251796233006189e+00
-2.403590972251863800e+00 6.935909027748135891e+00
-2.613738593638054830e+00 7.325761406361944950e+00
-8.881787647885598304e-16 9.944009187791950310e+00
-3.186467987794296519e+00 7.353032012205703793e+00
-3.003683301180537057e+00 7.535816698819463255e+00
-2.992999999999999883e+00 6.946500000000000341e+00
-3.588113005432197689e+00 7.551386994567802269e+00
-3.583933199974429495e+00 6.955566800025570373e+00
-4.220125371554325433e+00 7.519374628445675057e+00
-4.182633540919128201e+00 6.956866459080872644e+00
-4.679011502654814691e+00 7.660488497345184555e+00
-2.204765547497626876e+00 7.734734452502372903e+00
-2.353966819770685337e+00 6.985533180229314354e+00
-1.810751255540350435e+00 7.528748744459649700e+00
-1.207142979080614964e+00 7.532357020919384638e+00
-3.621168468632124604e+00 4.518331531367875797e+00
-1.306936491762495489e+00 7.432563508237504557e+00
-1.918551070629359145e+00 6.820948929370640457e+00
-3.724428786132766955e+00 5.615071213867233624e+00
-2.403725809133577584e+00 6.935774190866421662e+00
0.000000000000000000e+00 9.943699040017564883e+00
-3.196643625429968161e+00 7.342856374570031264e+00
-3.003615421928045759e+00 7.535884578071954110e+00
-3.561301287790414438e+00 7.578198712209585963e+00
-3.583449740322760757e+00 6.956050259677239112e+00
-4.217955043064298692e+00 7.521544956935700910e+00
-4.182746852949579264e+00 6.956753147050420694e+00
-4.683007289307644427e+00 7.656492710692354819e+00
-2.207458579373665408e+00 7.732041420626334371e+00
-2.357094089314627272e+00 6.982405910685372419e+00
-1.804188309165089654e+00 7.535311690834909371e+00
-1.521912632456109415e+00 7.217587367543890409e+00
-3.588112205608197769e+00 4.551387794391803077e+00
-1.307733745260283742e+00 7.431766254739716970e+00
-1.918509295284294369e+00 6.820990704715705455e+00
-3.819641283453522718e+00 5.519858716546478306e+00
-2.401686539007116927e+00 6.937813460992883208e+00
-2.561335207957447402e+00 7.378164792042552378e+00
-3.118025785943678091e-23 9.941232704947188026e+00
-3.006809024359015314e+00 7.532690975640984554e+00
-2.992266601276319271e+00 6.947233398723680509e+00
-3.582159400633993407e+00 7.557340599366006550e+00
-3.585056201289012368e+00 6.954443798710987501e+00
-4.211483575833328885e+00 7.528016424166672493e+00
-4.186821817530116618e+00 6.952678182469883339e+00
-4.680564320192397432e+00 7.658935679807603591e+00
-4.779214280418706551e+00 6.960285719581293051e+00
-2.211066864971908519e+00 7.728433135028090817e+00
-2.355495882793963158e+00 6.984004117206036533e+00
-1.546186251710885751e+00 7.193313748289114073e+00
-3.592771712824418096e+00 4.546728287175582750e+00
-1.923374485254774058e+00 6.816125514745226432e+00
-3.749877966726947509e+00 5.589622033273052182e+00
-2.401568622753279314e+00 6.937931377246719933e+00
-2.605713394837807062e+00 7.333786605162192274e+00
0.000000000000000000e+00 9.942619855762170999e+00
-3.224121135170960439e+00 7.315378864829039429e+00
-2.997549094895722632e+00 7.541950905104277680e+00
-2.991495406362169263e+00 6.948004593637830517e+00
-3.571829714597511973e+00 7.567670285402487984e+00
-3.584940265279639160e+00 6.954559734720360709e+00
-4.211720215784445998e+00 7.527779784215552716e+00
-4.186627068372150262e+00 6.952872931627849695e+00
-4.687444101750377179e+00 7.652055898249622956e+00
-4.782993307675891259e+00 6.956506692324108343e+00
-2.229692981152142650e+00 7.709807018847856241e+00
-2.364654029241053834e+00 6.974845970758945413e+00
-1.792999999999999927e+00 7.546499999999999986e+00
-1.543370458310955096e+00 7.196129541689044729e+00
-3.594719936579535258e+00 4.544780063420464700e+00
-1.297605898865948681e+00 7.441894101134051809e+00
-1.923292336719791829e+00 6.816207663280207996e+00
-3.754659110454366289e+00 5.584840889545634290e+00
-2.596736463715362930e+00 7.342763536284635961e+00
-7.861428525461810422e-24 9.941272150192705936e+00
-3.222095175757955676e+00 7.317404824242043304e+00
-2.992999999999999883e+00 6.946500000000000341e+00
-3.571825421293135960e+00 7.567674578706863997e+00
-3.584941284241455861e+00 6.954558715758544452e+00
-4.682550885317886546e+00 7.656949114682113589e+00
-4.782008508814621806e+00 6.957491491185377797e+00
-2.217168288249570463e+00 7.722331711750429761e+00
-2.358320960547707568e+00 6.981179039452292123e+00
-1.792999999999999927e+00 7.546499999999999986e+00
-1.561575912402682675e+00 7.177924087597316927e+00
-1.336396226938885601e+00 6.803103773061113912e+00
-1.296096217287256103e+00 7.443403782712744388e+00
-1.919350121264006725e+00 6.820149878735993099e+00
-5.556484228435034678e-25 9.941579264628870760e+00
-3.208896693594008642e+00 7.330603306405991226e+00
-2.992999999999999883e+00 6.946500000000000341e+00
-3.556674671668247800e+00 7.582825328331752601e+00
-3.587312893266374925e+00 6.952187106733624944e+00
-4.214959520314129016e+00 7.524540479685870586e+00
-4.192999999999999616e+00 6.946500000000000341e+00
-4.689212874725168234e+00 7.650287125274832789e+00
-4.785181397470503306e+00 6.954318602529497184e+00
-2.216618577498889131e+00 7.722881422501110649e+00
-2.364165251736284556e+00 6.975334748263715134e+00
-1.547928599630923207e-13 1.059999999999999964e+01
-1.336180331471769289e+00 6.803319668528230224e+00
-1.297100847788679179e+00 7.442399152211320867e+00
-1.915912670136569185e+00 6.823587329863430639e+00
-3.941291749439530374e-15 9.947954367921431285e+00
-3.260219922819695526e+00 7.279280077180304787e+00
-3.556704506916988251e+00 7.582795493083011706e+00
-3.587314604408248897e+00 6.952185395591751416e+00
-4.218894385207470066e+00 7.520605614792529536e+00
-4.192999999999999616e+00 6.946500000000000341e+00
-4.786933613879226890e+00 6.952566386120773601e+00
-2.396621879262754273e+00 7.542878120737245951e+00
-1.935506686452642677e+00 7.403993313547356792e+00
-3.742418267930903930e+00 4.397081732069098692e+00
-1.915781071594099050e+00 6.823718928405900996e+00
-3.585920712882136652e+00 6.953579287117863217e+00
-4.223439289778164074e+00 7.516060710221836416e+00
-4.192999999999999616e+00 6.946500000000000341e+00
-1.336330426914974279e+00 6.803169573085025235e+00
-1.916108425728255238e+00 6.823391574271744808e+00
-3.573842103637157930e+00 6.965657896362841939e+00
-3.189495161154126901e+00 5.550004838845873145e+00
