0513P1 0 [-1.3424295835465763, 3.1970704164534234, 1.1102230246251565e-16, 9.922835752903062]
0513P1 1 [-1.3327097401613148, 3.2067902598386855, 0.0, 9.922316779118592]
0513P1 2 [-1.3454536483960278, 3.194046351603972, 0.0, 9.923479059442233]
0513P1 3 [-1.350656933028851, 3.1888430669711494, 2.220446049250313e-16, 9.924723650797922]
0513P2 0 [-3.3992083023309987, 1.7402916976690008, 0.0, 9.578648241235426]
0513P2 1 [-3.474952930132577, 1.664547069867423, 0.0, 9.547186060119214]
0513P2 2 [-3.5517247325465426, 1.5877752674534569, 1.4406960491109647e-20, 9.524052417976726]
0513P2 3 [-3.4757176572267077, 1.663782342773291, 6.709364009841682e-20, 9.54843793036718]
0513P3 0 [-4.440892101556275e-16, 5.14482925111798, 0.0, 9.069544318102226]
0513P3 1 [-1.8023741321846753, 3.337125867815325, 5.459243351885978e-23, 9.894439982276554]
0513P3 2 [-1.8052157292284952, 3.334284270771505, 1.1102230245141342e-16, 9.897330842573641]
0513P3 3 [-2.220446043699198e-16, 5.142528881668564, 3.644015646850771e-16, 9.066947018472415]
0513P4 0 [-2.0785789143926094, 3.66092108560739, 0.2971366828354814, 9.973725760071746]
0513P4 1 [-2.0855496965650997, 3.6539503034349, 0.27074826495084436, 9.971784395339778]
0513P4 2 [-2.085963617155202, 3.653536382844798, 0.2622281320534453, 9.971243683003147]
0513P4 3 [-2.1037482346309893, 3.6357517653690103, 0.18343169151035607, 9.965177833540107]
0513P5 0 [-1.5543129797938261e-15, 5.74852770986235, 0.0, 9.058224156488166]
0513P5 1 [0.0, 5.7473133001692664, 2.1314929812352604e-24, 9.051078143458207]
0513P5 2 [-2.220451447567282e-16, 5.748016003357575, 0.0, 9.116680919152698]
0513P5 3 [-2.2204458272057083e-16, 5.748233096077826, 3.2755764411707416e-16, 9.068598318164335]
0513P6 0 [-2.5794614580012216, 3.760038541998778, 0.4820207363003403, 9.985763292525768]
0513P6 1 [-2.5698128679957333, 3.7696871320042664, 0.4968392529425799, 9.986646160759976]
0513P6 2 [-2.5451835398189044, 3.7943164601810953, 0.5557451504805629, 9.989659196411806]
0513P6 3 [-2.5196966773430107, 3.8198033226569894, 0.6312352776918707, 9.992854441628781]
0513P7 0 [-4.440896970757524e-16, 6.33967589485119, 5.040640777955775e-16, 8.17526024809886]
0513P7 1 [-4.152422083031261e-24, 6.339967571748207, 0.0, 8.313556343348493]
0513P7 2 [-4.4408876576085275e-16, 6.339783677908879, 2.480028535404277e-16, 8.115765445210332]
0513P7 3 [-4.440892098056537e-16, 6.339875031762022, 3.722177457393798e-26, 8.115517204040328]
0513P8 0 [-3.1717177376387626, 3.7677822623612376, 0.4526920070129737, 9.983896232384806]
0513P8 1 [-3.176204709630605, 3.7632952903693946, 0.454395476243945, 9.983861037845433]
0513P8 2 [-3.1870386913437248, 3.752461308656275, 0.4183734442303877, 9.981696823253603]
0513P8 3 [-3.1870382803667208, 3.752461719633279, 0.4184298585150425, 9.981686780513899]
0513P9 0 [-3.0239895787267423, 3.9155104212732574, 0.5435913899683017, 9.990100916635614]
0513P9 1 [-3.022063549899572, 3.917436450100428, 0.5492413296118863, 9.99035542020113]
0513P9 2 [-3.02404673005224, 3.91545326994776, 0.5045799789365301, 9.98833132530848]
0513P9 3 [-3.024964261109711, 3.914535738890289, 0.5415118740538281, 9.990013257166003]
0513P10 0 [-2.9075373085956184, 3.4319626914043813, 0.0, 9.95039751143568]
0513P10 1 [-2.9025468581791225, 3.436953141820877, 0.0034550291600411835, 9.952384147477021]
0513P10 2 [-2.890323922189072, 3.4491760778109275, 0.0, 9.950367332528565]
0513P10 3 [-2.895695360480047, 3.4438046395199526, 0.01959878746461812, 9.954057796900067]
0513P11 0 [-3.5380724833587807, 4.001427516641219, 1.3362999230516694, 9.994593428356762]
0513P11 1 [-3.5400063979365117, 3.999493602063488, 1.2940985509449356, 9.995840545972321]
0513P11 2 [-3.5390051381043897, 4.00049486189561, 1.2916383790519097, 9.995911651468951]
0513P11 3 [-3.5283386435327357, 4.011161356467264, 1.3351378236694118, 9.99457052577451]
0513P12 0 [-3.422154281397665, 3.5173457186023347, 2.7755575615628914e-17, 9.943029048560462]
0513P12 1 [-2.4267487201919, 4.512751279808099, 2.305153255306853e-18, 9.847537073698588]
0513P12 2 [-2.4265463607785613, 4.512953639221439, 0.0, 9.847480313327148]
0513P12 3 [-3.4589237183189256, 3.480576281681074, 0.0, 9.947846421174242]
0513P13 0 [-4.321940202545318, 3.8175597974546815, 1.8872544476656503, 9.957191898687624]
0513P13 1 [-4.319624657669172, 3.819875342330829, 1.7987054954225756, 9.965055521965182]
0513P13 2 [-4.312251174592134, 3.8272488254078634, 1.7477883428450103, 9.969559890615281]
0513P13 3 [-4.323722522910511, 3.8157774770894877, 1.6891890512499386, 9.973292012805866]
0513P14 0 [-4.221062791389201, 3.3184372086107987, 2.0726779448149757, 9.942423819920323]
0513P14 1 [-4.231623512483177, 3.307876487516822, 1.9812023546776885, 9.951633909247922]
0513P14 2 [-4.237280059389319, 3.3022199406106805, 1.9580754087257501, 9.95350084894403]
0513P14 3 [-4.236171962587759, 3.30332803741224, 1.984448025685694, 9.951348127404287]
0513P15 0 [-4.834283868640732, 3.9052161313592695, 2.963688279810515, 9.804767273277802]
0513P15 1 [-4.85346617449261, 3.8860338255073894, 2.89299708225962, 9.817726230802036]
0513P15 2 [-4.861167864062726, 3.878332135937274, 2.807545698775352, 9.833670676553915]
0513P15 3 [-4.856765473167162, 3.882734526832839, 2.8299647839825637, 9.828287345177488]
0513P16 0 [-4.898406528711503, 3.241093471288497, 2.452217420257227, 9.890539891798863]
0513P16 1 [-4.901740747993095, 3.237759252006905, 2.399042512163846, 9.898260927594068]
0513P16 2 [-4.9146653019801825, 3.2248346980198175, 2.308350710861325, 9.909919173695643]
0513P16 3 [-4.943903885909392, 3.1955961140906073, 2.100778331765878, 9.933918014200312]
0513P17 0 [-2.403841589521581, 3.935658410478419, 2.0892135018026834, 9.942315481549057]
0513P17 1 [-2.4035064338569714, 3.9359935661430283, 2.032925481076043, 9.948301142196167]
0513P17 2 [-2.3779245611978337, 3.961575438802166, 2.1572284816513156, 9.936093683033107]
0513P17 3 [-2.3780317626105734, 3.9614682373894263, 2.153577970516822, 9.936191065386382]
0513P18 0 [-2.4463124790541624, 3.293187520945837, 1.5403476357716124, 9.985641857592698]
0513P18 1 [-2.4396812434591726, 3.299818756540827, 1.520463690070176, 9.986781024627666]
0513P18 2 [-2.4395190563895004, 3.299980943610499, 1.445534079758965, 9.990236966396408]
0513P18 3 [-2.4385244794865497, 3.30097552051345, 1.3796718747463579, 9.99289965864949]
0513P19 0 [-1.5116038130221217, 4.227896186977879, 1.667567918052481, 9.977960520441467]
0513P19 1 [-1.4640146603476982, 4.275485339652302, 1.786987137772518, 9.969741907396696]
0513P19 2 [-1.4173050735144386, 4.322194926485562, 1.8517870473801958, 9.9643093080381]
0513P19 3 [-1.373737910876656, 4.3657620891233435, 1.9572269782830978, 9.955519565742605]
0513P20 0 [-1.7082492779122984, 3.431250722087701, 0.6336969444394103, 9.993253817016113]
0513P20 1 [-1.6772920452815896, 3.4622079547184104, 1.977598201636444, 9.956931368767028]
0513P20 2 [-1.7053806826575295, 3.4341193173424696, 1.8367618822880276, 9.968585613570285]
0513P20 3 [-1.683780582203711, 3.455719417796289, 1.9742961405980435, 9.957731847213383]
0513P1 4 [-3.7012162248114535, 0.8382837751885461, 0.0, 8.396822571301215]
0513P2 4 [-3.435248842158177, 1.7042511578418225, 1.616751865490319e-18, 9.564799216666037]
0513P3 4 [-1.1102230253595044e-15, 5.144172141999779, 2.735387461640117e-17, 9.132869564924901]
0513P4 4 [-2.0997943213937744, 3.6397056786062256, 0.17563931619258133, 9.964624370320793]
0513P5 4 [-2.0057278615518372e-22, 5.748426341107699, 0.0, 9.103667552065225]
0513P6 4 [-2.5389413001154835, 3.8005586998845162, 0.5754754703214884, 9.990532576490239]
0513P7 4 [0.0, 6.340045767484955, 2.948169229221107e-23, 8.149196146181819]
0513P8 4 [-3.195846524311096, 3.743653475688904, 0.36406594557885086, 9.978338662163598]
0513P9 4 [-3.025045543875482, 3.914454456124518, 0.46972366765704354, 9.986619959115943]
0513P10 4 [-2.8707101970665745, 3.468789802933425, 0.0, 9.944399068942683]
0513P11 4 [-3.5383397941042545, 4.001160205895745, 1.3082746533096135, 9.99544448007775]
0513P12 4 [-3.4487715037340188, 3.490728496265981, 2.7755575615628914e-17, 9.94522374607275]
0513P13 4 [-4.323745690194364, 3.8157543098056372, 1.688992424575882, 9.973295960891402]
0513P14 4 [-4.242933974356195, 3.296566025643803, 1.9499940915763312, 9.954338224534728]
0513P15 4 [-4.878844956493231, 3.8606550435067692, 2.7189852336230773, 9.847828052166562]
0513P16 4 [-4.914271141582103, 3.225228858417897, 2.07031355877331, 9.939892623288806]
0513P17 4 [-2.365801451962875, 3.9736985480371247, 2.215760537785173, 9.92970334456449]
0513P18 4 [-2.4400079389814415, 3.299492061018558, 1.4327950160469842, 9.990813682974672]
0513P19 4 [-1.3601560369197512, 4.37934396308025, 1.989997455961584, 9.952440982176348]
0513P20 4 [-1.6795311908741282, 3.4599688091258716, 1.8795888970932249, 9.965563083252691]
0513P1 5 [-3.503582615557142, 1.0359173844428575, 2.1715773895281488e-17, 8.20318555288371]
0513P2 5 [-3.643217112051301, 1.4962828879486985, 3.889684552937409e-19, 9.485841851804228]
0513P3 5 [-2.2204460700540636e-16, 5.144996749296373, 2.4793466287350894e-16, 9.11436599567175]
0513P4 5 [-2.0949776454583002, 3.6445223545416994, 0.1677994611558476, 9.964101617268712]
0513P5 5 [-1.110223024766912e-15, 5.749515432110434, 0.0, 9.148635765509491]
0513P6 5 [-2.53541150308921, 3.8040884969107895, 0.5669420000063307, 9.990262877805002]
0513P7 5 [0.0, 6.34011105468426, 5.3614262543336585e-22, 8.149136787852795]
0513P8 5 [-3.1958469255844664, 3.743653074415533, 0.3641273994294587, 9.978344707823915]
0513P9 5 [-3.023661362289448, 3.9158386377105514, 0.589627953693779, 9.991993361067737]
0513P10 5 [-2.86065032482358, 3.4788496751764195, 2.7755575615628914e-17, 9.9450421313732]
0513P11 5 [-3.5451995838272636, 3.9943004161727362, 1.295805396371609, 9.995823536892232]
0513P12 5 [-3.518035324006269, 3.4214646759937306, 0.10103338769993407, 9.961120960647156]
0513P13 5 [-4.311718093508496, 3.8277819064915044, 1.6157714286495994, 9.97881090449998]
0513P14 5 [-4.246254761916111, 3.2932452380838884, 1.9227267817911855, 9.956795459446244]
0513P15 5 [-4.843658885770156, 3.8958411142298446, 2.7688076391700753, 9.841798854309348]
0513P16 5 [-4.914000500576005, 3.2254994994239943, 2.022885461870932, 9.944988681610406]
0513P17 5 [-2.3674616203937218, 3.972038379606278, 2.189797228856252, 9.932595863772857]
0513P18 5 [-2.459089373456013, 3.2804106265439867, 1.8001802750210132, 9.968247143027494]
0513P19 5 [-1.793, 3.9465, 1.0, 10.0]
0513P20 5 [-1.706125847284215, 3.4333741527157846, 1.8207315943518785, 9.969945158497609]
0513P1 6 [-1.3638495306519909, 3.1756504693480085, 1.1102230246251565e-16, 9.931974247012109]
0513P2 6 [-3.652828051990829, 1.48667194800917, 0.0, 9.483864479669693]
0513P3 6 [0.0, 5.145783017808534, 5.071885330937057e-16, 9.18861558487501]
0513P4 6 [-2.1011248472904103, 3.63837515270959, 0.17376187621772815, 9.964467958995732]
0513P5 6 [-4.937286249344237e-25, 5.748025465098412, 3.9368877848464944e-16, 9.10988322921285]
0513P6 6 [-2.525992933323095, 3.813507066676905, 0.6044373604898532, 9.99183791347566]
0513P7 6 [0.0, 6.340311761719836, 3.8008050021319677e-16, 8.375363464429753]
0513P8 6 [-3.1949580131750746, 3.7445419868249252, 0.3732889487334984, 9.978902202552556]
0513P9 6 [-3.025250198287655, 3.914249801712345, 0.5916496171940197, 9.992081887732006]
0513P10 6 [-2.8639287213489215, 3.4755712786510777, 0.0, 9.945113301012546]
0513P12 6 [-3.6873505365049697, 3.25214946349503, 1.5712992371132366, 9.982205164471157]
0513P13 6 [-4.304343819410007, 3.8351561805899936, 1.5990282357234922, 9.98010824934812]
0513P15 6 [-4.916415384104705, 3.8230846158952962, 2.1618722831816166, 9.929296434726812]
0513P17 6 [-2.341942624206481, 3.9975573757935186, 2.311477065485956, 9.918391561607542]
0513P19 6 [-1.793, 3.9465, 1.0, 10.0]
0513P3 7 [0.0, 5.1459324862107785, 8.764891470652703e-25, 9.169849007441377]
0513P5 7 [0.0, 5.749462746552248, 1.2912678587124896e-22, 9.084095148102264]
0513P7 7 [0.0, 6.341024876976435, 4.51843093748037e-16, 8.213019459304174]
0513P8 7 [-3.1867222678637073, 3.7527777321362925, 0.378360437845503, 9.97944038169782]
0513P9 7 [-2.996378089975086, 3.9431219100249137, 0.9335892636466557, 9.999789613456906]
0513P13 7 [-4.304404122155965, 3.835095877844034, 1.5989997020895768, 9.98016266297326]
0513P17 7 [-2.3613723177717083, 3.9781276822282914, 2.2318605673250804, 9.927815557262921]
0513P5 8 [0.0, 5.748666885312702, 1.2575780809532194e-16, 9.057902337152854]
0513P7 8 [-1.1138356802145833e-22, 6.341406226637686, 0.0, 8.357012973259824]
0513P8 8 [-3.1867266980798545, 3.7527733019201457, 0.3785466188535138, 9.979419510140016]
0513P13 8 [-4.292009278588385, 3.847490721411614, 1.7288705678039464, 9.971723924127181]
0513P5 9 [-4.4408916544114165e-16, 5.747254286801321, 2.0829352293729948e-16, 8.987906008642609]
0513P8 9 [-3.163454553128558, 3.776045446871442, 0.457517326808111, 9.984302378997262]