1.303813787181076655e+00 7.435686212818923835e+00
1.923930769927308937e+00 6.815569230072691553e+00
2.604953993316228011e+00 7.334546006683771324e+00
3.162869113388168785e+00 7.376630886611831528e+00
3.004781995786514948e+00 7.534718004213484477e+00
2.992999999999999883e+00 6.946500000000000341e+00
3.594901042529796698e+00 7.544598957470203260e+00
3.581479878515448245e+00 6.958020121484551623e+00
4.217895494495444986e+00 7.521604505504553728e+00
4.181552155693323947e+00 6.957947844306675123e+00
4.663805130644408159e+00 7.675694869355591976e+00
4.774251405364413614e+00 6.965248594635586876e+00
2.217941883284067828e+00 7.721558116715931064e+00
2.365119586096323445e+00 6.974380413903675802e+00
1.813512638234977326e+00 7.525987361765023032e+00
1.123394188749057054e+00 7.616105811250942992e+00
1.305278208970787057e+00 7.434221791029212767e+00
1.927432970389683753e+00 6.812067029610316737e+00
2.403590972251863800e+00 6.935909027748135891e+00
2.613738593638054830e+00 7.325761406361944950e+00
3.186467987794296519e+00 7.353032012205703793e+00
3.003683301180537057e+00 7.535816698819463255e+00
2.992999999999999883e+00 6.946500000000000341e+00
3.588113005432197689e+00 7.551386994567802269e+00
3.583933199974429495e+00 6.955566800025570373e+00
4.220125371554325433e+00 7.519374628445675057e+00
4.182633540919128201e+00 6.956866459080872644e+00
4.679011502654814691e+00 7.660488497345184555e+00
2.204765547497626876e+00 7.734734452502372903e+00
2.353966819770685337e+00 6.985533180229314354e+00
1.810751255540350435e+00 7.528748744459649700e+00
1.207142979080614964e+00 7.532357020919384638e+00
1.306936491762495489e+00 7.432563508237504557e+00
1.918551070629359145e+00 6.820948929370640457e+00
2.403725809133577584e+00 6.935774190866421662e+00
3.196643625429968161e+00 7.342856374570031264e+00
3.003615421928045759e+00 7.535884578071954110e+00
3.561301287790414438e+00 7.578198712209585963e+00
3.583449740322760757e+00 6.956050259677239112e+00
4.217955043064298692e+00 7.521544956935700910e+00
4.182746852949579264e+00 6.956753147050420694e+00
4.683007289307644427e+00 7.656492710692354819e+00
2.207458579373665408e+00 7.732041420626334371e+00
2.357094089314627272e+00 6.982405910685372419e+00
1.804188309165089654e+00 7.535311690834909371e+00
1.521912632456109415e+00 7.217587367543890409e+00
1.307733745260283742e+00 7.431766254739716970e+00
1.918509295284294369e+00 6.820990704715705455e+00
2.401686539007116927e+00 6.937813460992883208e+00
2.561335207957447402e+00 7.378164792042552378e+00
3.006809024359015314e+00 7.532690975640984554e+00
2.992266601276319271e+00 6.947233398723680509e+00
3.582159400633993407e+00 7.557340599366006550e+00
3.585056201289012368e+00 6.954443798710987501e+00
4.211483575833328885e+00 7.528016424166672493e+00
4.186821817530116618e+00 6.952678182469883339e+00
4.680564320192397432e+00 7.658935679807603591e+00
4.779214280418706551e+00 6.960285719581293051e+00
2.211066864971908519e+00 7.728433135028090817e+00
2.355495882793963158e+00 6.984004117206036533e+00
1.546186251710885751e+00 7.193313748289114073e+00
1.923374485254774058e+00 6.816125514745226432e+00
2.401568622753279314e+00 6.937931377246719933e+00
2.605713394837807062e+00 7.333786605162192274e+00
3.224121135170960439e+00 7.315378864829039429e+00
2.997549094895722632e+00 7.541950905104277680e+00
2.991495406362169263e+00 6.948004593637830517e+00
3.571829714597511973e+00 7.567670285402487984e+00
3.584940265279639160e+00 6.954559734720360709e+00
4.211720215784445998e+00 7.527779784215552716e+00
4.186627068372150262e+00 6.952872931627849695e+00
4.687444101750377179e+00 7.652055898249622956e+00
4.782993307675891259e+00 6.956506692324108343e+00
2.229692981152142650e+00 7.709807018847856241e+00
2.364654029241053834e+00 6.974845970758945413e+00
1.792999999999999927e+00 7.546499999999999986e+00
1.543370458310955096e+00 7.196129541689044729e+00
1.297605898865948681e+00 7.441894101134051809e+00
1.923292336719791829e+00 6.816207663280207996e+00
3.754659110454366289e+00 5.584840889545634290e+00
2.596736463715362930e+00 7.342763536284635961e+00
3.222095175757955676e+00 7.317404824242043304e+00
2.992999999999999883e+00 6.946500000000000341e+00
3.571825421293135960e+00 7.567674578706863997e+00
3.584941284241455861e+00 6.954558715758544452e+00
4.682550885317886546e+00 7.656949114682113589e+00
4.782008508814621806e+00 6.957491491185377797e+00
2.217168288249570463e+00 7.722331711750429761e+00
2.358320960547707568e+00 6.981179039452292123e+00
1.792999999999999927e+00 7.546499999999999986e+00
1.561575912402682675e+00 7.177924087597316927e+00
1.336396226938885601e+00 6.803103773061113912e+00
1.296096217287256103e+00 7.443403782712744388e+00
1.919350121264006725e+00 6.820149878735993099e+00
3.208896693594008642e+00 7.330603306405991226e+00
2.992999999999999883e+00 6.946500000000000341e+00
3.556674671668247800e+00 7.582825328331752601e+00
3.587312893266374925e+00 6.952187106733624944e+00
4.214959520314129016e+00 7.524540479685870586e+00
4.192999999999999616e+00 6.946500000000000341e+00
4.689212874725168234e+00 7.650287125274832789e+00
4.785181397470503306e+00 6.954318602529497184e+00
2.216618577498889131e+00 7.722881422501110649e+00
2.364165251736284556e+00 6.975334748263715134e+00
1.336180331471769289e+00 6.803319668528230224e+00
1.297100847788679179e+00 7.442399152211320867e+00
1.915912670136569185e+00 6.823587329863430639e+00
3.260219922819695526e+00 7.279280077180304787e+00
3.556704506916988251e+00 7.582795493083011706e+00
3.587314604408248897e+00 6.952185395591751416e+00
4.218894385207470066e+00 7.520605614792529536e+00
4.192999999999999616e+00 6.946500000000000341e+00
4.786933613879226890e+00 6.952566386120773601e+00
2.396621879262754273e+00 7.542878120737245951e+00
1.935506686452642677e+00 7.403993313547356792e+00
1.915781071594099050e+00 6.823718928405900996e+00
3.585920712882136652e+00 6.953579287117863217e+00
4.223439289778164074e+00 7.516060710221836416e+00
4.192999999999999616e+00 6.946500000000000341e+00
1.336330426914974279e+00 6.803169573085025235e+00
1.916108425728255238e+00 6.823391574271744808e+00
3.573842103637157930e+00 6.965657896362841939e+00

1.389976026747463234e+00 3.064957261837044644e+00
1.170074427970164921e+00 3.102637110571014656e+00
1.369266977163062560e+00 3.312276927138677607e+00
1.405960256230797345e+00 3.192104492477425115e+00
1.980510035060858431e+00 3.430297508586446220e+00
1.922720126464677604e+00 3.174845961684763740e+00
2.217916977774619269e+00 3.492439076925219155e+00
1.944012515997704416e+00 3.776262468904286074e+00
1.943752267847579818e+00 3.777699058146830602e+00
2.011373305564875924e+00 3.489876585622137206e+00
2.716357216776490446e+00 3.581313171967898334e+00
2.728645333559110320e+00 3.736443834877552383e+00
2.699268948421122083e+00 3.606043212339070436e+00
2.393690204010587852e+00 3.864546755102293840e+00
3.350768411245583334e+00 3.608445734986625464e+00
3.174265290505378534e+00 3.936466160140552173e+00
3.041133416483404073e+00 4.014835733566930465e+00
2.807549412887768714e+00 3.449282691315914473e+00
2.773608741756566243e+00 3.371503805728273573e+00
2.735448153108955616e+00 3.616200720142543457e+00
2.834881002931080918e+00 3.315597316300203712e+00
3.656863972487911063e+00 4.186794727783229142e+00
3.497949626764921494e+00 4.014040486269649044e+00
3.730307424562689711e+00 4.119823206468828936e+00
3.450043669635256549e+00 3.961193379907351098e+00
3.222944361359111998e+00 3.568024298887027435e+00
2.278934333947895574e+00 4.660931995570859243e+00
2.238900935022178906e+00 4.512178521524157659e+00
3.439320464155866564e+00 3.486892950535411373e+00
4.392193954523448518e+00 3.432606428604509041e+00
4.306286025464725498e+00 3.374961465950433226e+00
4.378855563954944685e+00 3.115009053459165678e+00
4.226731923058694385e+00 3.369548213529399927e+00
4.906032914549181001e+00 3.983760768813768838e+00
4.814099695776614674e+00 3.998333766750889584e+00
5.000101921346702838e+00 3.704375076680261447e+00