1.715798359994467059e+00 1.349044390528300053e-01
2.015315530265866073e+00 3.205570865197362312e-02
1.971479206126291572e+00 3.919457434359360781e-01
1.946097872567601694e+00 3.967278700881838871e-01
1.988218590719760481e+00 3.657841606847971744e-02
2.486377510492768117e+00 1.055371276803024200e-01
2.698351596053366386e+00 5.485593657912875287e-02
2.476361532552569411e+00 2.586717503098289739e-01
2.657475641207744488e+00 1.535226927961417243e-01
2.978703844349802399e+00 7.053846935811192154e-02
3.133337266163918500e+00 3.498884327532061911e-01
3.159921844069347063e+00 2.891743306551593229e-02
3.043018537839014659e+00 9.758885674292359924e-02
2.861242330640468623e+00 2.590813886328992011e-01
2.886154838893665087e+00 3.129378386263905742e-01
2.803049482260012493e+00 2.165373431684892713e-01
2.912163302362040795e+00 1.439142986338559360e-01
3.403239605431730652e+00 8.027360694254036255e-02
3.705778081533533719e+00 1.299320157897604078e-01
3.344822687352318802e+00 3.102449760073274221e-01
2.473946874413458286e+00 1.182606682915050555e-01
2.401265404899643130e+00 2.991334545567533865e-01
3.588429967942360133e+00 1.620235163414756041e-01
4.256917807800045139e+00 3.833528744285628065e-01
4.227191641336988326e+00 4.578004432658727002e-02
4.427904126026448672e+00 1.989616261946066667e-01
4.217282224585093608e+00 1.452382057463923459e-01
4.345715884785469107e+00 1.139163042751879795e-01
4.832991713011222323e+00 1.525458451424762940e-01
4.704279959178264470e+00 2.492085108487165357e-01
4.941909885320670881e+00 1.095362985691595292e-01
4.732565451646278731e+00 3.240662471633853348e-01
5.009805073745881465e+00 1.316099182145393787e-01
2.449619176746485660e+00 2.517923162791656511e-01
2.187348797265580735e+00 2.336857566211657522e-01
2.600741968437910945e+00 2.857172979348782671e-01
1.691971651264107201e+00 3.207150598115602325e-01
1.316660871262150145e+00 3.549203942368426845e-01
1.641820409635704969e+00 2.323175930431917724e-01
1.759090912729590839e+00 6.374045978967167458e-02
1.580363758807902697e+00 3.716388230536620263e-01
1.766159278337311234e+00 1.736418863804343737e-01
2.515343056760872109e+00 2.941289664707109064e-01
3.036403003244773302e+00 4.887018242378338151e-02
3.140860835128518769e+00 2.201592096336082993e-01
2.708437705957278396e+00 1.115794920388861328e-01
3.480107295253878075e+00 3.465361673103101725e-01
3.322607357957271468e+00 1.572568662213746638e-01
4.463844627866792258e+00 2.100954824927650511e-01
5.028742397772572481e+00 8.873323425116108609e-02

2.988734604948520168e+00 1.031116671567133025e+01
2.053415780475658536e+00 1.038411630764404592e+01
2.559105177273895304e+00 1.031681668112534034e+01
1.910431510324564153e+00 1.047384955793624250e+01
9.407331929451268060e-01 1.037642011666724073e+01
1.221695104860965220e+00 1.043060210251493203e+01
1.816668788952139124e+00 1.043164498535404050e+01
2.342130613809942474e+00 1.043643735216672930e+01
2.778337563312551772e+00 1.042662243968017322e+01
3.379793596946567114e+00 1.042509956368382262e+01
2.935951328826415185e+00 1.049656160463034205e+01
2.887461429927201007e+00 1.047165618951411936e+01
4.271513706515253084e+00 1.045115044814094851e+01
4.596924858040619455e+00 1.030912873946233077e+01
2.353120252729213213e+00 1.047074299579388601e+01
2.494401763246267834e+00 1.037829711198051896e+01
1.810331442223777287e+00 1.039517599777473222e+01
1.260405456738265206e+00 1.038747982685727678e+01
1.779797068446016262e+00 1.045167809743367293e+01
3.334714388291978082e+00 1.044158286246672951e+01
3.012131901783670962e+00 1.031865270293357284e+01
3.447438030039784440e+00 1.045209614310711821e+01
3.773330221192955136e+00 1.049100172327064051e+01
4.181646468206980494e+00 1.038819247962638137e+01
4.216182442522385720e+00 1.033558874848634801e+01
4.752179243590841651e+00 1.035730803510410603e+01
2.008753205057873359e+00 1.034880141405085752e+01
2.480878776549626963e+00 1.030573303029009224e+01
1.734248681576308959e+00 1.045115132357576648e+01
1.453516167561498706e+00 1.048188023899501253e+01
1.139581308916647329e+00 1.039899574788614167e+01
2.069772963240022357e+00 1.036778366403443741e+01
2.457400852854981554e+00 1.046403911795700736e+01
2.416761766552096624e+00 1.034088777360169331e+01
3.051513963249851358e+00 1.035920484943740583e+01
3.673887566165539464e+00 1.040074508765034089e+01
3.649028607807617508e+00 1.048416647432089555e+01
4.342500538515984942e+00 1.042423725968675718e+01
4.612892236530643508e+00 1.047056957681440004e+01
4.808646156185692355e+00 1.042717656930901526e+01
2.393962708278847273e+00 1.048208471842441369e+01
2.305886091591902165e+00 1.035983016029117287e+01
1.524557391756801383e+00 1.040078616096013420e+01
2.298123822111451275e+00 1.037560716690883389e+01
2.630836164737699434e+00 1.031309070944772266e+01
3.385844861852643994e+00 1.048562148964578533e+01
2.891833853223044315e+00 1.032099283607434970e+01
2.064612518358859727e+00 1.041937821899877292e+01
1.913369193674980817e+00 1.036997423545551733e+01
1.607959972669023685e+00 1.040769945539438268e+01
1.494148254548066213e+00 1.030220106310946804e+01
2.777533631256193569e+00 1.045101878808923779e+01
3.042750294378688380e+00 1.030511450076224733e+01
2.975433462633558346e+00 1.034153228658616541e+01
2.280201251556667863e+00 1.036997953338205214e+01
1.792929281596561175e+00 1.039999182553209067e+01
1.628877337280191684e+00 1.040911501321077104e+01
1.414224872415661638e+00 1.048479886782697967e+01
1.281151612637771553e+00 1.038629228448265884e+01
1.739474447257164824e+00 1.037561361670982762e+01
