1.342429583546576266e+00 3.197070416453423380e+00
1.332709740161314826e+00 3.206790259838685486e+00
1.345453648396027768e+00 3.194046351603971878e+00
1.350656933028850926e+00 3.188843066971149387e+00
1.802374132184675348e+00 3.337125867815324831e+00
1.805215729228495158e+00 3.334284270771505021e+00
2.078578914392609445e+00 3.660921085607390157e+00
2.085549696565099698e+00 3.653950303434899904e+00
2.085963617155202066e+00 3.653536382844797981e+00
2.103748234630989256e+00 3.635751765369010347e+00
2.579461458001221619e+00 3.760038541998778072e+00
2.569812867995733274e+00 3.769687132004266417e+00
2.545183539818904439e+00 3.794316460181095252e+00
2.519696677343010727e+00 3.819803322656989408e+00
3.171717737638762635e+00 3.767782262361237589e+00
3.176204709630605194e+00 3.763295290369394586e+00
3.187038691343724750e+00 3.752461308656275030e+00
3.187038280366720766e+00 3.752461719633279014e+00
3.023989578726742344e+00 3.915510421273257435e+00
3.022063549899571822e+00 3.917436450100427958e+00
3.024046730052239784e+00 3.915453269947759996e+00
3.024964261109710950e+00 3.914535738890288830e+00
2.907537308595618430e+00 3.431962691404381260e+00
2.902546858179122502e+00 3.436953141820877189e+00
2.890323922189072192e+00 3.449176077810927499e+00
2.895695360480047054e+00 3.443804639519952637e+00
3.538072483358780662e+00 4.001427516641219206e+00
3.540006397936511728e+00 3.999493602063488140e+00
3.539005138104389658e+00 4.000494861895609766e+00
3.528338643532735741e+00 4.011161356467264127e+00
3.422154281397665088e+00 3.517345718602334692e+00
2.426748720191899800e+00 4.512751279808099092e+00
2.426546360778561340e+00 4.512953639221438884e+00
3.458923718318925644e+00 3.480576281681074136e+00
4.321940202545317966e+00 3.817559797454681547e+00
4.319624657669171697e+00 3.819875342330829149e+00
4.312251174592134362e+00 3.827248825407863375e+00
4.323722522910511401e+00 3.815777477089487668e+00
4.221062791389201152e+00 3.318437208610798717e+00
4.231623512483176697e+00 3.307876487516821840e+00
4.237280059389319398e+00 3.302219940610680471e+00
4.236171962587759410e+00 3.303328037412240015e+00
4.834283868640731896e+00 3.905216131359269482e+00
4.853466174492609753e+00 3.886033825507389405e+00
4.861167864062726274e+00 3.878332135937274217e+00
4.856765473167161673e+00 3.882734526832838817e+00
4.898406528711502617e+00 3.241093471288496897e+00
4.901740747993095226e+00 3.237759252006905175e+00
4.914665301980182477e+00 3.224834698019817480e+00
4.943903885909391782e+00 3.195596114090607287e+00
2.403841589521580779e+00 3.935658410478418912e+00
2.403506433856971380e+00 3.935993566143028310e+00
2.377924561197833686e+00 3.961575438802166005e+00
2.378031762610573363e+00 3.961468237389426328e+00
2.446312479054162381e+00 3.293187520945837221e+00
2.439681243459172588e+00 3.299818756540827014e+00
2.439519056389500395e+00 3.299980943610499207e+00
2.438524479486549712e+00 3.300975520513449890e+00
1.511603813022121656e+00 4.227896186977878834e+00
1.464014660347698227e+00 4.275485339652301597e+00
1.417305073514438574e+00 4.322194926485561695e+00
1.373737910876656088e+00 4.365762089123343515e+00
1.708249277912298414e+00 3.431250722087701099e+00
1.677292045281589594e+00 3.462207954718410363e+00
1.705380682657529512e+00 3.434119317342469557e+00
1.683780582203711074e+00 3.455719417796288884e+00
3.435248842158177052e+00 1.704251157841822462e+00
2.538941300115483468e+00 3.800558699884516223e+00
3.195846524311095838e+00 3.743653475688903942e+00
3.025045543875481968e+00 3.914454456124517812e+00
2.870710197066574487e+00 3.468789802933425204e+00
3.538339794104254477e+00 4.001160205895745392e+00
3.448771503734018751e+00 3.490728496265981029e+00
4.323745690194363611e+00 3.815754309805637234e+00
4.242933974356194682e+00 3.296566025643802966e+00
4.878844956493231244e+00 3.860655043506769246e+00
4.914271141582102764e+00 3.225228858417897193e+00
2.365801451962874946e+00 3.973698548037124745e+00
2.440007938981441526e+00 3.299492061018558076e+00
1.360156036919751177e+00 4.379343963080249758e+00
1.679531190874128166e+00 3.459968809125871569e+00
3.503582615557141899e+00 1.035917384442857525e+00
3.643217112051301054e+00 1.496282887948698459e+00
2.094977645458300231e+00 3.644522354541699372e+00
2.535411503089210150e+00 3.804088496910789541e+00
3.195846925584466369e+00 3.743653074415532966e+00
3.023661362289447929e+00 3.915838637710551406e+00
2.860650324823580171e+00 3.478849675176419520e+00
3.545199583827263634e+00 3.994300416172736234e+00
3.518035324006269171e+00 3.421464675993730609e+00
4.311718093508495997e+00 3.827781906491504404e+00
4.246254761916111065e+00 3.293245238083888360e+00
4.843658885770156353e+00 3.895841114229844582e+00
4.914000500576005237e+00 3.225499499423994276e+00
2.367461620393721766e+00 3.972038379606277925e+00
2.459089373456012861e+00 3.280410626543986741e+00
1.792999999999999927e+00 3.946499999999999897e+00
1.706125847284214903e+00 3.433374152715784611e+00
1.363849530651990882e+00 3.175650469348008542e+00
3.652828051990828939e+00 1.486671948009169908e+00
2.101124847290410269e+00 3.638375152709590221e+00
2.525992933323094825e+00 3.813507066676904866e+00
3.194958013175074552e+00 3.744541986824925228e+00
3.025250198287654957e+00 3.914249801712344823e+00
2.863928721348921513e+00 3.475571278651077733e+00
3.687350536504969689e+00 3.252149463495030091e+00
4.304343819410006766e+00 3.835156180589993635e+00
4.916415384104705133e+00 3.823084615895296245e+00
2.341942624206481138e+00 3.997557375793518553e+00
1.792999999999999927e+00 3.946499999999999897e+00
3.186722267863707270e+00 3.752777732136292510e+00
2.996378089975086034e+00 3.943121910024913745e+00
4.304404122155965240e+00 3.835095877844033829e+00
2.361372317771708307e+00 3.978127682228291384e+00
3.186726698079854536e+00 3.752773301920145688e+00
4.292009278588385435e+00 3.847490721411614079e+00
3.163454553128557833e+00 3.776045446871441946e+00
