1.715798359994467059e+00 1.349044390528300053e-01
2.015315530265866073e+00 3.205570865197362312e-02
1.971479206126291572e+00 3.919457434359360781e-01
1.946097872567601694e+00 3.967278700881838871e-01
1.988218590719760481e+00 3.657841606847971744e-02
2.486377510492768117e+00 1.055371276803024200e-01
2.698351596053366386e+00 5.485593657912875287e-02
2.476361532552569411e+00 2.586717503098289739e-01
2.657475641207744488e+00 1.535226927961417243e-01
2.978703844349802399e+00 7.053846935811192154e-02
3.133337266163918500e+00 3.498884327532061911e-01
3.159921844069347063e+00 2.891743306551593229e-02
3.043018537839014659e+00 9.758885674292359924e-02
2.861242330640468623e+00 2.590813886328992011e-01
2.886154838893665087e+00 3.129378386263905742e-01
2.803049482260012493e+00 2.165373431684892713e-01
2.912163302362040795e+00 1.439142986338559360e-01
3.403239605431730652e+00 8.027360694254036255e-02
3.705778081533533719e+00 1.299320157897604078e-01
3.344822687352318802e+00 3.102449760073274221e-01
2.473946874413458286e+00 1.182606682915050555e-01
2.401265404899643130e+00 2.991334545567533865e-01
3.588429967942360133e+00 1.620235163414756041e-01
4.256917807800045139e+00 3.833528744285628065e-01
4.227191641336988326e+00 4.578004432658727002e-02
4.427904126026448672e+00 1.989616261946066667e-01
4.217282224585093608e+00 1.452382057463923459e-01
4.345715884785469107e+00 1.139163042751879795e-01
4.832991713011222323e+00 1.525458451424762940e-01
4.704279959178264470e+00 2.492085108487165357e-01
4.941909885320670881e+00 1.095362985691595292e-01
4.732565451646278731e+00 3.240662471633853348e-01
5.009805073745881465e+00 1.316099182145393787e-01
2.449619176746485660e+00 2.517923162791656511e-01
2.187348797265580735e+00 2.336857566211657522e-01
2.600741968437910945e+00 2.857172979348782671e-01
1.691971651264107201e+00 3.207150598115602325e-01
1.316660871262150145e+00 3.549203942368426845e-01
1.641820409635704969e+00 2.323175930431917724e-01
1.759090912729590839e+00 6.374045978967167458e-02
1.580363758807902697e+00 3.716388230536620263e-01
1.766159278337311234e+00 1.736418863804343737e-01
2.515343056760872109e+00 2.941289664707109064e-01
3.036403003244773302e+00 4.887018242378338151e-02
3.140860835128518769e+00 2.201592096336082993e-01
2.708437705957278396e+00 1.115794920388861328e-01
3.480107295253878075e+00 3.465361673103101725e-01
3.322607357957271468e+00 1.572568662213746638e-01
4.463844627866792258e+00 2.100954824927650511e-01
5.028742397772572481e+00 8.873323425116108609e-02
