1.156623950891866093e+00 9.832767012199122858e-01
1.300055460350687753e+00 7.952274445786213786e-01
1.399939762857072445e+00 7.057786465016506749e-01
1.265138418195530967e+00 6.124079540525636522e-01
1.838171917443602421e+00 9.414429547547495947e-01
1.828651635487582805e+00 1.041969796589375941e+00
1.943174091330764464e+00 1.066569042479703633e+00
1.937912395638792473e+00 1.139452654346165161e+00
2.017698320222272468e+00 1.397041088231326667e+00
2.239252973467337426e+00 1.144259824544098247e+00
3.227040280069260803e+00 1.319944661388035900e+00
3.351876334842786243e+00 1.320708356126800709e+00
3.315099116406225566e+00 1.337998830983168741e+00
3.244520190102423207e+00 1.262716522455337387e+00
2.817954943873959284e+00 1.062409578478408223e+00
3.028320753770648910e+00 1.085310056510180754e+00
3.030717830971528581e+00 1.201824091926254390e+00
2.898650823001130750e+00 8.719143353489188231e-01
3.481829353969604579e+00 9.658686143460673001e-01
2.467598811433668882e+00 2.227019903299861436e+00
3.654484796377843736e+00 1.186800441282403806e+00
4.375754158160495955e+00 1.257049128465310694e+00
4.393331757388736492e+00 1.348926579939359494e+00
4.260642315967213989e+00 1.010195872321695498e+00
4.387131162136225448e+00 9.657232707611188571e-01
4.161255691416733349e+00 8.110935193817324640e-01
4.165958221377276338e+00 1.042304331579807508e+00
4.851463002782590905e+00 7.770790639318271298e-01
5.077925222659905202e+00 7.391314777164205152e-01
4.875241680363566310e+00 9.411917399637359516e-01
4.794152154460673110e+00 6.946021301088739497e-01
2.433524035023162391e+00 1.383043707230017905e+00
2.375830430553097727e+00 7.222453860931368208e-01
2.509125312429959731e+00 8.102680440599572265e-01
2.245313910654839429e+00 8.693897596604984734e-01
2.354003911832581508e+00 1.063809949699273227e+00
1.834218095223329792e+00 1.173427004703307741e+00
1.653171599793671120e+00 1.027744614306616677e+00
1.721175620631211656e+00 1.125604995038126610e+00
1.708896291861797589e+00 1.148376774002360046e+00
3.164015137128605826e+00 1.210196896684316625e+00
2.987307694702312499e+00 1.420072935278055670e+00
2.908806390935305686e+00 1.053092366224929854e+00
3.356326037254727446e+00 1.105011201027326084e+00
4.298957079392951464e+00 9.848924173774571411e-01
5.084120640792083812e+00 9.110568893385364575e-01
2.540102418792237859e+00 1.096148189564841502e+00
1.336699282191489369e+00 2.155455065060025710e+00
1.656470708690237270e+00 9.309603777510959688e-01
2.290273617761025893e+00 1.237883046967820810e+00
2.972617178405358107e+00 1.254770390321091611e+00
3.691171313734287640e+00 9.152150780593201196e-01
4.383908699365290929e+00 1.301722998056562552e+00
4.138496070528893789e+00 7.894371923097789345e-01
4.744483478468285220e+00 8.897891225523099079e-01
2.491107266274186216e+00 1.079971352525006312e+00
1.597346272433868286e+00 1.596213171559329513e+00
1.631136089466141748e+00 8.411941860384922753e-01
1.341965396510530040e+00 8.283910057381196346e-01
2.290256192772027966e+00 1.337565389699087115e+00
2.451679082888984063e+00 1.384812136439273145e+00
3.331482868724586321e+00 1.375125664922688840e+00
2.672938768033770618e+00 1.210374462782630056e+00
3.863073913525525871e+00 9.264206106788128725e-01
4.244765140764275912e+00 1.323252385016209676e+00
